Counter	Temperature	VelInc_X	VelInc_Y	VelInc_Z	OriInc_w	OriInc_x	OriInc_y	OriInc_z	Acc_X	Acc_Y	Acc_Z	Gyr_X	Gyr_Y	Gyr_Z	Mag_X	Mag_Y	Mag_Z	Pressure	Roll	Pitch	Yaw	RSSI
13007	0	0.376708984	-0.102600098	0.041381836	0.999999046	3.05176E-05	-0.000479698	-4.19617E-05	9.417724609	-2.565002441	1.034545898	0.001525879	-0.02398491	-0.002098084	-0.566894531	0.820800781	-0.098632813	888.44	-69.18264115	-73.84434485	-17.50891899	-52
13008	0	0.375718117	-0.099942207	0.040171623	0.999999046	6.96182E-05	-0.000492096	0.000330925	9.392952919	-2.498555183	1.004290581	0.003480911	-0.024604799	0.01654625	-0.566894531	0.822998047	-0.1015625	888.6	-69.35511289	-73.84024752	-17.32205632	-52
13009	0	0.375732422	-0.100585938	0.04119873	0.999999046	-0.000347137	-0.000189781	0.000389099	9.393310547	-2.514648438	1.029968262	-0.017356873	-0.00948906	0.019454957	-0.567138672	0.822998047	-0.098876953	888.48	-69.47116998	-73.81757183	-17.24909673	-53
13010	0	0.376157761	-0.099502563	0.039521217	0.999999046	-0.000282288	0.000144958	0.000312805	9.403944016	-2.487564087	0.988030434	-0.01411438	0.007247925	0.015640259	-0.564453125	0.820556641	-0.101318359	888.6	-69.44518492	-73.78961927	-17.30779965	-52
13011	0	0.37713623	-0.100585938	0.03692627	0.999999046	-0.000141144	9.63211E-05	0.000171661	9.428405762	-2.514648438	0.923156738	-0.00705719	0.004816055	0.008583069	-0.562255859	0.822998047	-0.101806641	888.56	-69.40157212	-73.77877219	-17.36665612	-52
13012	0	0.37544632	-0.100847244	0.034832954	0.999999046	0.000153542	7.43866E-05	8.01086E-05	9.38615799	-2.521181107	0.87082386	0.007677078	0.00371933	0.004005432	-0.567138672	0.822998047	-0.098876953	888.54	-69.3198274	-73.77862026	-17.44044253	-52
13013	0	0.374694824	-0.098999023	0.03515625	0.999999046	-8.01086E-05	8.4877E-05	0.000133514	9.367370605	-2.474975586	0.87890625	-0.004005432	0.004243851	0.00667572	-0.564697266	0.822998047	-0.098876953	888.54	-69.26854881	-73.77233697	-17.50976655	-52
13014	0	0.373806953	-0.100569725	0.035324097	0.999999046	-4.76837E-05	-0.000228882	2.19345E-05	9.345173836	-2.514243126	0.883102417	-0.002384186	-0.011444092	0.001096725	-0.564697266	0.822998047	-0.098876953	888.54	-69.31374098	-73.79073635	-17.47386132	-52
13015	0	0.37512207	-0.101806641	0.03503418	0.999999046	0.000236511	-0.000277519	6.86646E-05	9.378051758	-2.545166016	0.875854492	0.011825562	-0.013875962	0.003433228	-0.566894531	0.822998047	-0.1015625	888.54	-69.35106228	-73.80608232	-17.40572639	-52
13016	0	0.37750721	-0.100438118	0.034993172	0.999999046	0.00039196	-0.00053215	-8.39233E-05	9.437680244	-2.51095295	0.874829292	0.019598009	-0.026607515	-0.004196167	-0.564697266	0.820800781	-0.096191406	888.54	-69.44389563	-73.84806536	-17.27530156	-52
13017	0	0.37689209	-0.100036621	0.036376953	0.999999046	0.000106812	-0.000548363	0.000183105	9.422302246	-2.500915527	0.909423828	0.005340576	-0.027418138	0.009155274	-0.564697266	0.822998047	-0.098876953	888.5	-69.61296529	-73.86196377	-17.09128456	-52
13018	0	0.375124931	-0.100715637	0.036230087	0.999999046	2.67029E-05	-0.000583649	0.000244141	9.378123283	-2.51789093	0.905752182	0.001335144	-0.029182436	0.012207032	-0.564697266	0.820800781	-0.098876953	888.5	-69.81302236	-73.87053561	-16.88258434	-52
13019	0	0.375488281	-0.099121094	0.039245605	0.999999046	1.90735E-05	-0.000422478	0.000118256	9.387207031	-2.478027344	0.981140137	0.000953674	-0.021123887	0.005912781	-0.564697266	0.822998047	-0.096191406	888.48	-69.93682711	-73.88613713	-16.76079022	-53
13020	0	0.379707336	-0.099942207	0.036912918	0.999999046	-0.000153542	-0.000209808	1.90735E-05	9.492683411	-2.498555183	0.922822952	-0.007677078	-0.010490418	0.000953674	-0.564697266	0.822998047	-0.098876953	888.48	-69.98774688	-73.90404181	-16.72677052	-52
13021	0	0.375915527	-0.100524902	0.039733887	0.999999046	0.000396729	-0.000224113	-8.7738E-05	9.397888184	-2.513122559	0.993347168	0.019836426	-0.011205674	-0.004386902	-0.567138672	0.820800781	-0.095947266	888.56	-69.96627002	-73.93397646	-16.71178909	-53
13022	0	0.376132965	-0.098903656	0.037811279	0.999999046	-0.000112534	5.72205E-06	-3.05176E-05	9.403324127	-2.4725914	0.945281982	-0.005626678	0.000286102	-0.001525879	-0.564697266	0.820800781	-0.096191406	888.42	-69.92483148	-73.94873641	-16.776529	-52
13023	0	0.375549316	-0.101013184	0.03729248	0.999999046	-0.00025177	0.000214577	-6.48499E-05	9.38873291	-2.52532959	0.932312012	-0.012588501	0.010728836	-0.003242493	-0.569580078	0.820800781	-0.093017578	888.54	-69.81636664	-73.95890231	-16.93676893	-52
13024	0	0.375729561	-0.101104736	0.035814285	0.999999046	-0.00023365	0.000135422	2.95639E-05	9.393239021	-2.527618408	0.895357132	-0.011682511	0.006771088	0.001478195	-0.566894531	0.820800781	-0.098632813	888.5	-69.74831308	-73.96197744	-17.03606606	-52
13025	0	0.376281738	-0.101867676	0.033508301	0.999999046	2.28882E-05	9.25064E-05	0.000110626	9.407043457	-2.546691895	0.83770752	0.001144409	0.00462532	0.005531311	-0.567138672	0.822998047	-0.096191406	888.5	-69.67835073	-73.95799358	-17.11446541	-53
13026	0	0.374909401	-0.101034164	0.034740448	0.999999046	0.000196457	-0.000196457	-9.53674E-05	9.372735023	-2.525854111	0.8685112	0.009822846	-0.009822846	-0.004768372	-0.564697266	0.820800781	-0.098876953	888.6	-69.6681047	-73.98762293	-17.10206431	-52
13027	0	0.373596191	-0.100952148	0.034301758	0.999999046	0.000198364	-0.00014019	-3.05176E-05	9.339904785	-2.523803711	0.857543945	0.009918213	-0.007009506	-0.001525879	-0.567138672	0.820800781	-0.095947266	888.56	-69.64574533	-74.00801981	-17.1111626	-52
13028	0	0.37538147	-0.101343155	0.035211563	0.999999046	0.00023365	-0.000297546	0.00018692	9.384536743	-2.533578873	0.880289078	0.011682511	-0.01487732	0.009346009	-0.567138672	0.820800781	-0.095947266	888.56	-69.70868424	-74.01128895	-17.02740729	-53
13029	0	0.376525879	-0.100280762	0.033508301	0.999999046	5.34058E-05	-0.00026989	0.000263214	9.413146973	-2.507019043	0.83770752	0.002670288	-0.013494492	0.013160706	-0.566894531	0.820800781	-0.098632813	888.54	-69.79262879	-74.00524087	-16.93536466	-53
13030	0	0.376796722	-0.100720406	0.035450935	0.999999046	0.00012207	-0.000303268	0.000376701	9.41991806	-2.518010139	0.886273384	0.006103516	-0.015163422	0.018835069	-0.569580078	0.822998047	-0.093261719	888.44	-69.89686136	-73.98824738	-16.82933911	-52
13031	0	0.376159668	-0.100158691	0.037475586	0.999999046	2.28882E-05	-0.000460625	0.000507355	9.403991699	-2.503967285	0.936889648	0.001144409	-0.023031237	0.025367739	-0.567138672	0.822998047	-0.098876953	888.44	-70.08882192	-73.96326698	-16.62662949	-52
13032	0	0.376337051	-0.098830223	0.036582947	0.999999046	-0.00026226	-0.000267029	0.000461578	9.408426285	-2.470755577	0.914573669	-0.013113023	-0.013351441	0.02307892	-0.567138672	0.820800781	-0.095947266	888.48	-70.23407799	-73.93555012	-16.51226215	-52
13033	0	0.375183105	-0.099975586	0.035827637	0.999999046	-0.000232697	-0.000182152	0.000312805	9.379577637	-2.499389648	0.895690918	-0.011634827	-0.00910759	0.015640259	-0.564697266	0.825195313	-0.096435547	888.48	-70.32379628	-73.92053909	-16.44963853	-52
13034	0	0.380688667	-0.098888397	0.036557198	0.999999046	-0.000246048	-0.000137329	0.000137329	9.517216682	-2.47220993	0.913929939	-0.012302399	-0.006866455	0.006866455	-0.564697266	0.820800781	-0.096191406	888.44	-70.37458567	-73.92276611	-16.42758337	-52
13035	0	0.375915527	-0.101501465	0.036865234	0.999999046	2.67029E-05	6.96182E-05	-1.52588E-05	9.397888184	-2.537536621	0.921630859	0.001335144	0.003480911	-0.000762939	-0.564697266	0.820800781	-0.093505859	888.58	-70.29613015	-73.93345136	-16.51523889	-53
13036	0	0.374081612	-0.099596024	0.036677361	0.999999046	6.58035E-05	-0.000150681	-5.72205E-05	9.352040291	-2.489900589	0.916934013	0.003290176	-0.007534027	-0.002861023	-0.564697266	0.822998047	-0.096191406	888.5	-70.28989354	-73.95716067	-16.51599983	-54
13037	0	0.376159668	-0.102050781	0.036437988	0.999999046	2.28882E-05	0.00011158	0.000106812	9.403991699	-2.551269531	0.910949707	0.001144409	0.005578995	0.005340576	-0.564697266	0.820800781	-0.093505859	888.46	-70.21224089	-73.95298537	-16.60363	-52
13038	0	0.377350807	-0.101092339	0.035366058	0.999999046	-0.000238419	1.90735E-05	0.000121117	9.43377018	-2.527308464	0.884151459	-0.011920929	0.000953674	0.006055832	-0.567138672	0.822998047	-0.093505859	888.52	-70.20118637	-73.95083571	-16.65297984	-52
13039	0	0.375854492	-0.103393555	0.033813477	0.999999046	0.000335693	-0.00014019	0.000366211	9.396362305	-2.584838867	0.845336914	0.016784669	-0.007009507	0.018310548	-0.564697266	0.822998047	-0.093505859	888.46	-70.21724175	-73.92839755	-16.60620333	-52
13040	0	0.376890182	-0.09980011	0.036275864	0.999999046	0.000414848	-0.00021553	0.000324249	9.422254562	-2.495002747	0.906896591	0.020742418	-0.01077652	0.016212464	-0.567138672	0.820800781	-0.090576172	888.56	-70.24665134	-73.91340786	-16.54521562	-52
13041	0	0.374816895	-0.102111816	0.036865234	0.999999046	5.72205E-05	-0.00014782	0.000255585	9.370422363	-2.55279541	0.921630859	0.002861023	-0.007390976	0.012779236	-0.564697266	0.822998047	-0.098876953	888.46	-70.2822945	-73.90316513	-16.49743683	-53
13042	0	0.37624073	-0.100347519	0.03670311	0.999999046	0.000673294	-0.000303268	0.00045681	9.406018257	-2.508687973	0.917577744	0.033664708	-0.015163424	0.022840503	-0.564697266	0.822998047	-0.096191406	888.56	-70.33219431	-73.87720399	-16.37101809	-53
13043	0	0.376647949	-0.100036621	0.036987305	0.999999046	0.000106812	-9.82285E-05	0.000499725	9.41619873	-2.500915527	0.924682617	0.005340576	-0.004911423	0.024986268	-0.564941406	0.825439453	-0.096435547	888.44	-70.37582455	-73.8386939	-16.31882401	-52
13044	0	0.377041817	-0.101809502	0.037239075	0.999999046	0.000351906	5.72205E-06	0.000346184	9.426045418	-2.545237541	0.930976868	0.017595292	0.000286102	0.01730919	-0.564697266	0.821044922	-0.098876953	888.58	-70.33207691	-73.81273828	-16.32257342	-52
13045	0	0.376708984	-0.098754883	0.038024902	0.999999046	0.000282288	-3.71933E-05	0.000366211	9.417724609	-2.46887207	0.950622559	0.01411438	-0.001859665	0.018310548	-0.564941406	0.823242188	-0.096435547	888.56	-70.31479017	-73.78630731	-16.31551023	-52
13046	0	0.374318123	-0.100838661	0.038601875	0.999999046	0.000156403	5.72205E-06	0.000189781	9.357953072	-2.52096653	0.965046883	0.007820129	0.000286102	0.00948906	-0.564941406	0.823242188	-0.098876953	888.54	-70.27240053	-73.77724224	-16.34374051	-53
13047	0	0.376037598	-0.100036621	0.03704834	0.999999046	0.000411987	0.000119209	-0.000118256	9.400939941	-2.500915527	0.926208496	0.020599366	0.005960465	-0.005912781	-0.5625	0.823242188	-0.099121094	888.54	-70.11745847	-73.79698615	-16.45983807	-52
13048	0	0.374464989	-0.099063873	0.037279129	0.999999046	0.000283241	0.000127792	-0.000145912	9.361624718	-2.476596832	0.931978226	0.014162064	0.006389618	-0.007295609	-0.5625	0.825439453	-0.099365234	888.52	-69.96991517	-73.81930984	-16.58508978	-52
13049	0	0.379150391	-0.100708008	0.035522461	0.999999046	0.000267029	0.000107765	-0.000232697	9.478759766	-2.517700195	0.888061523	0.013351441	0.00538826	-0.011634827	-0.5625	0.825439453	-0.099365234	888.5	-69.81951524	-73.85169796	-16.7167867	-53
13050	0	0.375161171	-0.101795197	0.03791523	0.999999046	0.000453949	9.34601E-05	-0.000526428	9.379029274	-2.544879913	0.947880745	0.022697451	0.004673005	-0.026321413	-0.564697266	0.823242188	-0.1015625	888.56	-69.61182074	-73.9160838	-16.88220478	-52
13051	0	0.374145508	-0.10144043	0.037109375	0.999999046	0.000167847	-1.81198E-05	-0.000179291	9.353637695	-2.536010742	0.927734375	0.008392334	-0.000905991	-0.008964539	-0.564941406	0.823242188	-0.098876953	888.5	-69.52568652	-73.94750072	-16.96321722	-52
13052	0	0.374977112	-0.102575302	0.039204597	0.999999046	5.62668E-05	2.28882E-05	6.00815E-05	9.374427795	-2.564382553	0.980114937	0.002813339	0.001144409	0.003004074	-0.564941406	0.823242188	-0.098876953	888.56	-69.47013257	-73.95148916	-17.0259063	-52
13053	0	0.374938965	-0.101745605	0.038635254	0.999999046	-9.53674E-05	6.19888E-05	9.15527E-05	9.373474121	-2.543640137	0.965881348	-0.004768372	0.003099442	0.004577637	-0.564697266	0.821044922	-0.1015625	888.56	-69.42166875	-73.95047097	-17.09129666	-52
13054	0	0.377539635	-0.102372169	0.037623405	0.999999046	2.28882E-05	9.72748E-05	2.28882E-05	9.438490868	-2.559304237	0.940585136	0.001144409	0.004863739	0.001144409	-0.564697266	0.823242188	-0.1015625	888.5	-69.33689051	-73.95533514	-17.18133684	-52
13055	0	0.374450684	-0.102539063	0.03894043	0.999999046	0.000545502	7.34329E-05	2.67029E-05	9.36126709	-2.563476563	0.973510742	0.027275087	0.003671646	0.001335144	-0.567138672	0.821044922	-0.104003906	888.62	-69.20153978	-73.96064741	-17.25800078	-52
13056	0	0.373889923	-0.101052284	0.03861618	0.999999046	2.19345E-05	0.000213623	8.67844E-05	9.347248077	-2.526307106	0.96540451	0.001096725	0.010681152	0.004339218	-0.567138672	0.821044922	-0.104003906	888.58	-69.08243863	-73.95371717	-17.38115382	-52
13057	0	0.374511719	-0.103210449	0.038513184	0.999999046	0.000305176	0.000348091	0.000205994	9.362792969	-2.58026123	0.96282959	0.01525879	0.017404557	0.010299683	-0.567138672	0.823242188	-0.098876953	888.62	-68.89821521	-73.9283409	-17.55503378	-52
13058	0	0.374871254	-0.100474358	0.036698341	0.999999046	0.000463486	0.000116348	0.000171661	9.371781349	-2.51185894	0.917458534	0.023174287	0.005817414	0.008583069	-0.564697266	0.820800781	-0.104248047	888.5	-68.77734086	-73.91610219	-17.63088162	-52
13059	0	0.375	-0.102294922	0.036560059	0.999999046	-0.000164032	4.673E-05	0.00037384	9.375	-2.557373047	0.914001465	-0.008201599	0.002336502	0.018692017	-0.564697266	0.823242188	-0.1015625	888.52	-68.78354387	-73.885097	-17.65651856	-53
13060	0	0.374676704	-0.10081768	0.036255836	0.999999046	0.000487328	-0.000169754	0.000433922	9.36691761	-2.520442009	0.906395912	0.024366381	-0.008487702	0.021696092	-0.567138672	0.821044922	-0.104003906	888.46	-68.80384524	-73.85664668	-17.5849344	-52
13061	0	0.373901367	-0.098754883	0.035644531	0.999999046	-1.14441E-05	-0.000250816	0.000465393	9.34753418	-2.46887207	0.891113281	-0.000572205	-0.012540818	0.023269654	-0.564697266	0.823242188	-0.1015625	888.56	-68.91561082	-73.82819216	-17.48329103	-52
13062	0	0.374130249	-0.101424217	0.037100792	0.999999046	4.00543E-05	-0.000284195	0.000407219	9.353256226	-2.535605431	0.927519798	0.002002716	-0.014209748	0.020360947	-0.562255859	0.822998047	-0.107177734	888.48	-69.0252162	-73.80726504	-17.36138514	-52
13063	0	0.373962402	-0.099243164	0.037719727	0.999999046	0.000392914	-0.000376701	0.000156403	9.349060059	-2.481079102	0.942993164	0.019645692	-0.018835069	0.00782013	-0.564697266	0.823242188	-0.104248047	888.58	-69.09297764	-73.81693666	-17.25026561	-53
13064	0	0.379328728	-0.100006104	0.035496712	0.999999046	-0.000163078	-0.000450134	0.000331879	9.483218193	-2.500152588	0.887417793	-0.008153916	-0.022506715	0.016593934	-0.562255859	0.820800781	-0.106933594	888.54	-69.27636008	-73.81078625	-17.07488523	-52
13065	0	0.376831055	-0.101318359	0.039855957	0.999999046	0.000179291	-0.000357628	-4.19617E-05	9.420776367	-2.532958984	0.996398926	0.008964539	-0.017881394	-0.002098084	-0.562255859	0.820800781	-0.104248047	888.56	-69.33409737	-73.84084888	-16.9966894	-52
13066	0	0.373693466	-0.099076271	0.039867401	0.999999046	-0.000270844	-0.00044632	0.000267029	9.342336655	-2.476906776	0.996685028	-0.013542176	-0.02231598	0.013351441	-0.562255859	0.820800781	-0.1015625	888.52	-69.5193155	-73.84128903	-16.84424108	-52
13067	0	0.374267578	-0.101379395	0.040527344	0.999999046	-0.000190735	-0.000247002	0.000392914	9.356689453	-2.534484863	1.013183594	-0.009536744	-0.012350083	0.019645692	-0.562255859	0.823242188	-0.101806641	888.46	-69.63858537	-73.82008957	-16.74915571	-52
13068	0	0.377199173	-0.099921227	0.039141655	0.999999046	-9.82285E-05	-3.05176E-05	8.39233E-05	9.429979324	-2.498030663	0.978541374	-0.004911423	-0.001525879	0.004196167	-0.564697266	0.823242188	-0.104248047	888.52	-69.62431335	-73.82344247	-16.77558435	-52
13069	0	0.377624512	-0.1015625	0.037353516	0.999999046	-0.000396729	-5.24521E-05	5.34058E-05	9.440612793	-2.5390625	0.933837891	-0.019836426	-0.002622604	0.002670288	-0.564697266	0.823242188	-0.104248047	888.62	-69.64815797	-73.83094978	-16.79626045	-52
13070	0	0.375785828	-0.10145092	0.038575172	0.999999046	0.000169754	-5.91278E-05	5.24521E-05	9.394645691	-2.536273003	0.964379311	0.008487701	-0.00295639	0.002622604	-0.562255859	0.823242188	-0.101806641	888.52	-69.60935165	-73.83880539	-16.82143996	-53
13071	0	0.374084473	-0.100585938	0.036987305	0.999999046	-0.000225067	-7.15256E-05	7.62939E-06	9.352111816	-2.514648438	0.924682617	-0.011253357	-0.003576279	0.00038147	-0.564697266	0.823242188	-0.104248047	888.56	-69.61416333	-73.85196947	-16.84117499	-52
13072	0	0.374270439	-0.102011681	0.035787582	0.999999046	-0.00017643	9.15527E-05	-8.39233E-05	9.356760979	-2.550292015	0.89468956	-0.008821487	0.004577637	-0.004196167	-0.562255859	0.820800781	-0.1015625	888.58	-69.54031215	-73.8684187	-16.94296385	-53
13073	0	0.376037598	-0.101074219	0.036010742	0.999999046	0.00012207	-0.000151634	0.000137329	9.400939941	-2.526855469	0.900268555	0.006103516	-0.007581711	0.006866455	-0.564697266	0.823242188	-0.1015625	888.58	-69.55316665	-73.87083786	-16.92009902	-52
13074	0	0.376630783	-0.100803375	0.034943581	0.999999046	-9.53674E-06	-0.000232697	5.72205E-05	9.415769577	-2.520084381	0.873589516	-0.000476837	-0.011634827	0.002861023	-0.564697266	0.823242188	-0.1015625	888.56	-69.60029362	-73.88511518	-16.87659795	-52
13075	0	0.375732422	-0.100158691	0.036010742	0.999999046	-1.14441E-05	-0.000330925	0.000171661	9.393310547	-2.503967285	0.900268555	-0.000572205	-0.01654625	0.008583069	-0.562255859	0.820800781	-0.1015625	888.4	-69.70009793	-73.89101132	-16.77655958	-53
13076	0	0.37523365	-0.099982262	0.037041664	0.999998093	-0.000102043	-0.000350952	0.00012207	9.380841255	-2.499556541	0.926041603	-0.005102158	-0.017547608	0.006103516	-0.564697266	0.821044922	-0.098876953	888.56	-69.8110112	-73.9029885	-16.6821834	-52
13077	0	0.375915527	-0.098999023	0.038391113	0.999999046	-4.57764E-05	-0.000365257	3.05176E-05	9.397888184	-2.474975586	0.959777832	-0.002288818	-0.018262864	0.001525879	-0.5625	0.823242188	-0.099121094	888.52	-69.90830455	-73.92534879	-16.59319451	-53
13078	0	0.376548767	-0.099209785	0.040364265	0.999999046	-0.000135422	-0.000190735	-1.14441E-05	9.413719177	-2.480244637	1.009106636	-0.006771088	-0.009536743	-0.000572205	-0.562255859	0.823242188	-0.101806641	888.56	-69.94480657	-73.94533724	-16.56973784	-53
13079	0	0.37512207	-0.099060059	0.039306641	0.999999046	-0.000263214	-0.000124931	0.000106812	9.378051758	-2.476501465	0.982666016	-0.013160706	-0.006246567	0.005340576	-0.5625	0.823242188	-0.099121094	888.5	-69.98732055	-73.95000697	-16.56123324	-52
13080	0	0.379516602	-0.100402832	0.03692627	0.999999046	-0.00014782	-3.05176E-05	-0.00012207	9.487915039	-2.510070801	0.923156738	-0.007390976	-0.001525879	-0.006103516	-0.564697266	0.821044922	-0.096191406	888.46	-69.94998353	-73.97562462	-16.62930159	-53
13081	0	0.374816895	-0.100158691	0.038696289	0.999999046	-4.57764E-05	-2.57492E-05	-0.000396729	9.370422363	-2.503967285	0.967407227	-0.002288818	-0.00128746	-0.019836426	-0.564697266	0.823242188	-0.1015625	888.66	-69.86098508	-74.03057922	-16.72448727	-53
13082	0	0.374105453	-0.101574898	0.037873268	0.999999046	-0.000102997	-4.76837E-05	-0.000148773	9.352636337	-2.539372444	0.946831703	-0.005149841	-0.002384186	-0.00743866	-0.564697266	0.821044922	-0.098876953	888.52	-69.82052079	-74.05964338	-16.78246939	-52
13083	0	0.375427246	-0.100585938	0.037109375	0.999999046	3.8147E-05	3.91006E-05	0	9.385681152	-2.514648438	0.927734375	0.001907349	0.001955032	0	-0.564697266	0.823242188	-0.1015625	888.5	-69.75161413	-74.06923629	-16.84683191	-52
13084	0	0.375302315	-0.102170944	0.035680771	1	9.53674E-06	-1.23978E-05	-2.67029E-05	9.382557869	-2.554273605	0.892019272	0.000476837	-0.000619888	-0.001335144	-0.569580078	0.818847656	-0.095703125	888.52	-69.70175209	-74.08367485	-16.91108339	-53
13085	0	0.377197266	-0.101928711	0.034179688	0.999999046	0.000408173	-6.00815E-05	-1.14441E-05	9.429931641	-2.548217773	0.854492188	0.020408631	-0.003004074	-0.000572205	-0.567138672	0.821044922	-0.095947266	888.58	-69.62642519	-74.09833497	-16.95497692	-53
13086	0	0.374761581	-0.101708412	0.035681725	0.999999046	-0.000112534	-0.000230789	-2.67029E-05	9.369039536	-2.542710304	0.892043114	-0.005626679	-0.011539459	-0.001335144	-0.567138672	0.821044922	-0.098632813	888.52	-69.67309338	-74.12139718	-16.92547051	-52
13087	0	0.373962402	-0.102722168	0.035461426	0.999999046	0.000453949	-0.000300407	0.000171661	9.349060059	-2.568054199	0.886535645	0.02269745	-0.015020371	0.008583069	-0.567138672	0.821044922	-0.098632813	888.64	-69.70913021	-74.1258411	-16.84072036	-53
13088	0	0.376207352	-0.099889755	0.036118507	0.999999046	0.000180244	-0.000389099	0.000331879	9.405183792	-2.497243881	0.902962685	0.009012223	-0.019454957	0.016593934	-0.567138672	0.821044922	-0.101318359	888.46	-69.83239115	-74.11653488	-16.69037825	-52
13089	0	0.376037598	-0.100830078	0.035400391	0.999999046	0.000320435	-0.000555992	0.000240326	9.400939941	-2.520751953	0.885009766	0.01602173	-0.027799608	0.012016297	-0.567138672	0.821044922	-0.098632813	888.5	-69.9900741	-74.12353286	-16.49474742	-52
13090	0	0.37689209	-0.097839355	0.035766602	0.999999046	0.000209808	-0.000396729	0.000366211	9.422302246	-2.445983887	0.894165039	0.010490418	-0.019836427	0.018310548	-0.567138672	0.821044922	-0.098632813	888.56	-70.1174281	-74.11064528	-16.34362271	-53
13091	0	0.376098633	-0.098815918	0.03717041	0.999999046	-0.000236511	-0.000353813	0.000392914	9.40246582	-2.470397949	0.929260254	-0.011825562	-0.01769066	0.019645692	-0.567138672	0.821044922	-0.101318359	888.46	-70.28291151	-74.09311605	-16.1967615	-52
13092	0	0.376962662	-0.098276138	0.037099838	0.999999046	-0.000376701	-0.000236511	0.000270844	9.424066544	-2.456903458	0.927495956	-0.018835069	-0.011825562	0.013542176	-0.567382813	0.823242188	-0.096191406	888.46	-70.40316872	-74.08416201	-16.12578118	-54
13093	0	0.376220703	-0.098999023	0.036987305	0.999999046	-9.91821E-05	-0.000170708	0.0001297	9.405517578	-2.474975586	0.924682617	-0.004959106	-0.008535385	0.006484985	-0.564697266	0.821044922	-0.098876953	888.56	-70.44747962	-74.08790272	-16.09154203	-52
13094	0	0.374803543	-0.098554611	0.03824234	0.999999046	4.3869E-05	-0.00012207	-9.63211E-05	9.370088577	-2.46386528	0.956058502	0.002193451	-0.006103516	-0.004816055	-0.567138672	0.821044922	-0.098632813	888.58	-70.42631839	-74.1141801	-16.10952276	-52
13095	0	0.378662109	-0.099060059	0.034545898	0.999999046	-0.000324249	0.00011158	-0.000221252	9.466552734	-2.476501465	0.863647461	-0.016212464	0.005578995	-0.011062622	-0.564697266	0.821044922	-0.098876953	888.64	-70.34161962	-74.1449798	-16.23532025	-53
13096	0	0.37717247	-0.100871086	0.03676033	0.999999046	0.000126839	5.34058E-05	-0.000305176	9.429311752	-2.521777153	0.919008255	0.006341934	0.002670288	-0.015258789	-0.567138672	0.818847656	-0.093017578	888.64	-70.21539401	-74.18698334	-16.36734973	-53
13097	0	0.373474121	-0.09942627	0.036071777	0.999999046	-0.000179291	-2.19345E-05	-0.000179291	9.336853027	-2.485656738	0.901794434	-0.008964539	-0.001096725	-0.008964539	-0.567138672	0.818847656	-0.095703125	888.56	-70.16966655	-74.21827235	-16.44379673	-52
13098	0	0.375404358	-0.102600098	0.03473568	0.999999046	-0.000146866	5.53131E-05	0.000236511	9.385108948	-2.565002441	0.868391991	-0.007343292	0.002765656	0.011825562	-0.569580078	0.818847656	-0.095703125	888.64	-70.14800074	-74.20166511	-16.49146673	-53
13099	0	0.375427246	-0.100769043	0.034240723	0.999999046	-0.00025177	3.91006E-05	0.000236511	9.385681152	-2.519226074	0.856018066	-0.012588501	0.001955032	0.011825562	-0.567138672	0.821044922	-0.095947266	888.58	-70.14470484	-74.18566341	-16.5308061	-52
13100	0	0.375926018	-0.101391792	0.033180237	0.999999046	-0.000283241	-0.000226974	0.000338554	9.398150444	-2.534794807	0.82950592	-0.014162064	-0.011348725	0.01692772	-0.567138672	0.821044922	-0.098632813	888.56	-70.26037992	-74.16897733	-16.44115949	-52
13101	0	0.376220703	-0.100280762	0.034667969	0.999999046	0.000263214	-0.000231743	0.000228882	9.405517578	-2.507019043	0.866699219	0.013160706	-0.011587143	0.011444092	-0.567138672	0.818847656	-0.095703125	888.58	-70.30025206	-74.16426449	-16.37355418	-52
13102	0	0.374633789	-0.100891113	0.035461426	0.999999046	-4.95911E-05	-0.000354767	0.000259399	9.365844727	-2.522277832	0.886535645	-0.002479553	-0.017738343	0.012969971	-0.567138672	0.821044922	-0.095947266	888.56	-70.4268935	-74.16093761	-16.2515342	-52
13103	0	0.375948906	-0.100112915	0.035244942	0.999998093	0.000328064	-0.000338554	0.000433922	9.398722649	-2.502822876	0.881123543	0.016403199	-0.01692772	0.021696092	-0.567138672	0.823242188	-0.098876953	888.64	-70.52748811	-74.13806864	-16.10467947	-53
13104	0	0.37594986	-0.098525047	0.035054207	0.999999046	5.43594E-05	-0.000270844	0.000328064	9.39874649	-2.463126183	0.876355171	0.002717972	-0.013542176	0.016403199	-0.564697266	0.821044922	-0.098876953	888.62	-70.61917813	-74.12401791	-15.99856475	-52
13105	0	0.376037598	-0.100646973	0.034423828	0.999999046	0.000179291	-0.000239372	0.00012207	9.400939941	-2.516174316	0.860595703	0.008964539	-0.011968613	0.006103516	-0.567138672	0.821044922	-0.095947266	888.62	-70.65705436	-74.13100036	-15.94237602	-53
13106	0	0.376823425	-0.099140167	0.034888268	0.999999046	0.000312805	-0.000268936	0.000182152	9.420585632	-2.478504181	0.872206688	0.015640259	-0.013446808	0.00910759	-0.567138672	0.821044922	-0.098632813	888.52	-70.69887891	-74.13261617	-15.85960738	-53
13107	0	0.376525879	-0.098388672	0.03527832	0.999999046	0.000102997	-0.000254631	7.62939E-06	9.413146973	-2.459716797	0.881958008	0.005149841	-0.012731552	0.00038147	-0.567382813	0.821044922	-0.093261719	888.52	-70.73607235	-74.15257458	-15.82118585	-52
13108	0	0.375626564	-0.100401878	0.035045624	0.999999046	0.000119209	-0.000141144	2.57492E-05	9.390664101	-2.510046959	0.876140594	0.005960465	-0.00705719	0.00128746	-0.567138672	0.821044922	-0.095947266	888.5	-70.73058559	-74.1662666	-15.81784462	-52
13109	0	0.375793457	-0.09954834	0.03503418	0.999999046	3.43323E-05	-0.000144005	7.62939E-05	9.394836426	-2.488708496	0.875854492	0.001716614	-0.007200241	0.003814697	-0.564941406	0.823242188	-0.096435547	888.5	-70.7426208	-74.1745993	-15.80480141	-53
13110	0	0.374261856	-0.099359512	0.033589363	0.999999046	9.34601E-05	-0.000310898	8.29697E-05	9.356546402	-2.483987808	0.839734077	0.004673004	-0.015544892	0.004148483	-0.564697266	0.821044922	-0.096191406	888.62	-70.81258996	-74.18850666	-15.72433546	-53
13111	0	0.379394531	-0.099182129	0.03302002	0.999999046	0.000125885	-0.000449181	8.7738E-05	9.484863281	-2.479553223	0.825500488	0.006294251	-0.022459031	0.004386902	-0.567382813	0.821044922	-0.093261719	888.46	-70.93263852	-74.20708538	-15.59576108	-52
13112	0	0.375442505	-0.100154877	0.037222862	0.999999046	0.000239372	-0.00034523	-0.00017643	9.386062622	-2.503871918	0.930571556	0.011968613	-0.017261506	-0.008821488	-0.567138672	0.821044922	-0.095947266	888.46	-70.9649714	-74.25031186	-15.53739264	-53
13113	0	0.373779297	-0.098937988	0.036804199	0.999999046	0.000244141	-0.000357628	2.67029E-05	9.344482422	-2.473449707	0.92010498	0.012207032	-0.017881394	0.001335144	-0.567382813	0.821044922	-0.093261719	888.52	-71.02849403	-74.27195518	-15.45346809	-52
13114	0	0.376484871	-0.099612236	0.035971642	0.999999046	-0.000160217	-0.000118256	6.86646E-05	9.412121773	-2.490305901	0.899291039	-0.008010864	-0.005912781	0.003433228	-0.567382813	0.821044922	-0.093261719	888.64	-71.05176902	-74.28010413	-15.45832299	-52
13115	0	0.376953125	-0.100830078	0.035339355	0.999999046	-0.0001297	-0.000128746	-1.52588E-05	9.423828125	-2.520751953	0.883483887	-0.006484985	-0.006437302	-0.000762939	-0.564941406	0.821044922	-0.093505859	888.58	-71.06443001	-74.29770823	-15.46838007	-52
13116	0	0.376720428	-0.099851608	0.035154343	0.999999046	0.000199318	-0.000249863	0.000166893	9.418010712	-2.496290207	0.878858566	0.009965897	-0.012493134	0.00834465	-0.567138672	0.818847656	-0.095703125	888.46	-71.11010068	-74.30005057	-15.39923364	-53
13117	0	0.376525879	-0.100036621	0.035400391	0.999999046	-3.05176E-05	-3.33786E-05	1.14441E-05	9.413146973	-2.500915527	0.885009766	-0.001525879	-0.00166893	0.000572205	-0.567382813	0.821044922	-0.093261719	888.52	-71.07800235	-74.31117979	-15.44520666	-52
13118	0	0.374938011	-0.099741936	0.034880638	0.999998093	6.86646E-05	-0.000226021	0.000216484	9.373450279	-2.493548393	0.872015953	0.003433228	-0.011301041	0.010824204	-0.569580078	0.821044922	-0.095703125	888.58	-71.13589553	-74.30720802	-15.37933709	-52
13119	0	0.375915527	-0.099121094	0.034240723	0.999999046	0.000232697	-0.000224113	0.000171661	9.397888184	-2.478027344	0.856018066	0.011634827	-0.011205673	0.008583069	-0.567382813	0.821044922	-0.093261719	888.58	-71.16831703	-74.30800728	-15.3271024	-52
13120	0	0.376403809	-0.098937988	0.034729004	0.999999046	3.14713E-05	-0.000148773	0.00019455	9.410095215	-2.473449707	0.868225098	0.001573563	-0.00743866	0.009727478	-0.567382813	0.821044922	-0.093261719	888.5	-71.19764407	-74.30353042	-15.30170326	-53
13121	0	0.377075195	-0.09954834	0.035522461	0.999999046	0.000244141	-0.00026989	0.000148773	9.426879883	-2.488708496	0.888061523	0.012207032	-0.013494492	0.00743866	-0.569580078	0.818847656	-0.093017578	888.34	-71.24323459	-74.30847062	-15.23504266	-53
13122	0	0.376880646	-0.098729134	0.034328461	0.999999046	0.000162125	-0.000205994	0.000114441	9.422016144	-2.46822834	0.858211517	0.008106232	-0.010299683	0.005722046	-0.564697266	0.821044922	-0.096191406	888.52	-71.26898901	-74.31478237	-15.18965493	-52
13123	0	0.375305176	-0.098754883	0.034790039	0.999999046	0.00025177	-0.000121117	-7.24792E-05	9.382629395	-2.46887207	0.869750977	0.012588501	-0.006055832	-0.003623962	-0.567382813	0.821044922	-0.093261719	888.58	-71.22707841	-74.338244	-15.21329463	-52
13124	0	0.374655724	-0.09886837	0.032123566	0.999999046	4.48227E-05	-9.53674E-06	-0.000256538	9.366393089	-2.471709251	0.803089142	0.002241135	-0.000476837	-0.01282692	-0.567138672	0.818847656	-0.095703125	888.52	-71.14130597	-74.37754603	-15.3001457	-53
13125	0	0.37677002	-0.101745605	0.026550293	0.999999046	0.000457764	0.000214577	-0.000667572	9.419250488	-2.543640137	0.663757324	0.022888186	0.010728837	-0.033378605	-0.567138672	0.818847656	-0.095703125	888.58	-70.86595727	-74.4529402	-15.5374885	-52
13126	0	0.377808571	-0.099938393	0.023690224	0.999999046	0.000926971	0.000152588	-0.000831604	9.445214272	-2.498459816	0.592255592	0.046348584	0.007629397	-0.041580211	-0.569580078	0.818847656	-0.095703125	888.56	-70.53660191	-74.54812106	-15.78010299	-52
13127	0	0.38293457	-0.100708008	0.021850586	0.999999046	0.000747681	-4.86374E-05	-0.001049042	9.573364258	-2.517700195	0.546264648	0.037384044	-0.00243187	-0.052452102	-0.571777344	0.816650391	-0.097900391	888.52	-70.27374195	-74.67422948	-15.97204903	-52
13128	0	0.379426003	-0.100793839	0.023062706	0.999999046	0.000908852	-0.000183105	-0.000976563	9.485650063	-2.519845963	0.57656765	0.045442595	-0.009155276	-0.04882814	-0.569335938	0.814208984	-0.100585938	888.4	-70.05317684	-74.79754788	-16.09608908	-52
13129	0	0.378356934	-0.098510742	0.024291992	0.999999046	0.000244141	-8.67844E-05	-0.00056839	9.45892334	-2.462768555	0.607299805	0.012207032	-0.004339218	-0.028419496	-0.571533203	0.812011719	-0.100341797	888.46	-69.92808928	-74.87305479	-16.20165621	-52
13130	0	0.378596306	-0.09971714	0.024456978	0.999999046	3.43323E-05	-0.000127792	-0.000400543	9.464907646	-2.492928505	0.611424446	0.001716614	-0.006389618	-0.020027161	-0.576416016	0.814453125	-0.100097656	888.52	-69.86772945	-74.93205578	-16.26701403	-53
13131	0	0.378173828	-0.098632813	0.026062012	0.999999046	0.000598907	-2.19345E-05	-0.000747681	9.454345703	-2.465820313	0.651550293	0.029945378	-0.001096726	-0.037384039	-0.576171875	0.809814453	-0.102294922	888.58	-69.64871745	-75.02412864	-16.42527614	-52
13132	0	0.376977921	-0.097551346	0.025428772	0.999999046	0.000243187	-1.90735E-06	-0.000763893	9.424448013	-2.438783646	0.635719299	0.012159349	-9.53674E-05	-0.03819466	-0.578613281	0.809814453	-0.099609375	888.52	-69.4584043	-75.11697864	-16.60489412	-52
13133	0	0.375732422	-0.098754883	0.02532959	0.999998093	0.000660896	0.000328064	-0.00125885	9.393310547	-2.46887207	0.633239746	0.033044827	0.016403204	-0.062942527	-0.578613281	0.809814453	-0.102294922	888.4	-69.00794965	-75.24915947	-17.00049318	-52
13134	0	0.375172615	-0.098088264	0.021432877	0.999998093	0.000668526	0.000330925	-0.001488686	9.379315376	-2.452206612	0.535821915	0.0334263	0.016546257	-0.074434315	-0.583251953	0.807617188	-0.104492188	888.58	-68.51196986	-75.40490907	-17.44044649	-52
13135	0	0.376037598	-0.098754883	0.01965332	0.999998093	0.000409126	0.000377655	-0.001365662	9.400939941	-2.46887207	0.491333008	0.020456322	0.018882758	-0.068283106	-0.583251953	0.805419922	-0.106933594	888.56	-68.03827463	-75.54459656	-17.88370336	-53
13136	0	0.376602173	-0.099239349	0.016661644	0.999999046	0.000227928	0.000349045	-0.000977516	9.415054321	-2.480983734	0.4165411	0.01139641	0.017452243	-0.048875818	-0.585449219	0.803222656	-0.109130859	888.58	-67.65615392	-75.64344832	-18.24992514	-53
13137	0	0.378295898	-0.098937988	0.015014648	0.999999046	0.00025177	0.000332832	-0.00069809	9.457397461	-2.473449707	0.375366211	0.012588502	0.016641619	-0.034904484	-0.590332031	0.803222656	-0.106201172	888.52	-67.32308681	-75.71282141	-18.57394322	-52
13138	0	0.381168365	-0.097727776	0.015132904	0.999999046	0.000104904	0.000183105	-0.000180244	9.529209137	-2.443194389	0.378322601	0.005245209	0.009155274	-0.009012222	-0.590087891	0.801025391	-0.108642578	888.46	-67.15862958	-75.73377361	-18.73517863	-52
13139	0	0.381774902	-0.097351074	0.016845703	0.999999046	0.000736237	2.76566E-05	0.000156403	9.544372559	-2.433776855	0.421142578	0.036811832	0.001382828	0.00782013	-0.592773438	0.803222656	-0.108642578	888.56	-67.04657625	-75.72601611	-18.77221685	-53
13140	0	0.384979248	-0.092561722	0.018955231	0.999999046	0.000716209	5.34058E-05	0.000483513	9.624481201	-2.314043045	0.473880768	0.035810475	0.002670288	0.024175647	-0.590087891	0.801025391	-0.111328125	888.56	-66.98486907	-75.68266359	-18.75468009	-54
13141	0	0.386657715	-0.091430664	0.024536133	0.999999046	0.000789642	6.19888E-05	0.000911713	9.666442871	-2.285766602	0.61340332	0.039482126	0.003099442	0.045585643	-0.592529297	0.801025391	-0.113769531	888.4	-66.98688506	-75.59383348	-18.66044001	-54
13142	0	0.385763168	-0.08701992	0.031005859	0.999999046	0.000347137	0.000507355	0.001196861	9.644079208	-2.175498009	0.775146484	0.017356878	0.025367744	0.059843081	-0.590087891	0.803222656	-0.114257813	888.52	-66.90694127	-75.4550684	-18.70523381	-54
13143	0	0.390258789	-0.091186523	0.036193848	0.999999046	0.000183105	0.000962257	0.000972748	9.756469727	-2.279663086	0.904846191	0.009155276	0.048112885	0.048637406	-0.592529297	0.805419922	-0.114257813	888.46	-66.62526564	-75.31933321	-18.98312395	-54
13144	0	0.389212608	-0.088816643	0.042039871	0.999998093	0.000629425	0.001811028	6.10352E-05	9.730315208	-2.220416069	1.05099678	0.031471272	0.090551432	0.00305176	-0.587646484	0.805419922	-0.1171875	888.44	-65.7998207	-75.23934577	-19.76994381	-52
13145	0	0.391967773	-0.086975098	0.043823242	0.999996185	0.000447273	0.002555847	-0.000328064	9.799194336	-2.174377441	1.095581055	0.022363688	0.127792504	-0.016403217	-0.587646484	0.805419922	-0.122558594	888.52	-64.64021945	-75.16070924	-20.91978222	-54
13146	0	0.391677856	-0.083932877	0.044618607	0.999993324	0.000703812	0.003517151	-0.000324249	9.791946411	-2.098321915	1.115465164	0.035190658	0.175857924	-0.016212498	-0.590087891	0.805419922	-0.125	888.5	-63.09545212	-75.02635584	-22.44690173	-54
13147	0	0.386474609	-0.082336426	0.049682617	0.999990463	0.000435829	0.004188538	-0.000144958	9.661865234	-2.058410645	1.24206543	0.021791523	0.2094275	-0.007247946	-0.587402344	0.802978516	-0.130371094	888.58	-61.39507375	-74.82706236	-24.16753561	-54
13148	0	0.387604713	-0.082364082	0.051659584	0.999988556	0.000720978	0.004681587	-0.000407219	9.690117836	-2.059102058	1.291489601	0.036049025	0.234080243	-0.020361023	-0.589599609	0.802978516	-0.135498047	888.52	-59.47458084	-74.6121408	-26.08903497	-55
13149	0	0.389099121	-0.078918457	0.053344727	0.999980927	-0.000346184	0.005886078	-0.001556396	9.727478027	-1.972961426	1.333618164	-0.017309296	0.294305718	-0.077820307	-0.589355469	0.802978516	-0.146240234	888.46	-57.05802793	-74.41789338	-28.64193232	-55
13150	0	0.383645058	-0.078066826	0.055976868	0.999973297	-0.001553535	0.006648064	-0.002281189	9.591126442	-1.951670647	1.399421692	-0.077677444	0.332406054	-0.114060433	-0.589111328	0.800537109	-0.151367188	888.58	-54.42135102	-74.21340903	-31.56942425	-55
13151	0	0.38092041	-0.081665039	0.055664063	0.999966621	-0.002868652	0.007210732	-0.002319336	9.523010254	-2.041625977	1.391601563	-0.143434186	0.360540517	-0.115968065	-0.591308594	0.796142578	-0.15625	888.56	-51.82556694	-73.93790379	-34.61178119	-55
13152	0	0.380576134	-0.083511353	0.05768013	0.999961853	-0.003210068	0.007826805	-0.001988411	9.514403343	-2.087783813	1.44200325	-0.160505408	0.391345181	-0.099421799	-0.595947266	0.793945313	-0.161132813	888.66	-49.27295674	-73.55107769	-37.6548588	-55
13153	0	0.373474121	-0.084289551	0.059387207	0.999940872	-0.006541252	0.008556366	-0.001483917	9.336853027	-2.10723877	1.484680176	-0.32706905	0.427826727	-0.074197324	-0.595703125	0.791503906	-0.168945313	888.46	-47.1616651	-73.03113859	-40.6215365	-55
13154	0	0.370444298	-0.103024483	0.058339119	0.999950409	-0.00505352	0.008431435	-0.001098633	9.261107445	-2.575612068	1.458477974	-0.25268013	0.421578606	-0.054932536	-0.598388672	0.796142578	-0.166503906	888.5	-45.1709753	-72.45876529	-43.30750785	-55
13155	0	0.372497559	-0.08605957	0.060424805	0.999967575	0.000794411	0.007854462	-0.000896454	9.312438965	-2.151489258	1.510620117	0.039720953	0.392727216	-0.044823164	-0.600585938	0.793945313	-0.168701172	888.52	-42.86217738	-71.88848748	-45.65669081	-54
13156	0	0.373226166	-0.087857246	0.063809395	0.999946594	-0.005146027	0.008818626	-0.001111984	9.330654144	-2.19643116	1.595234871	-0.257305854	0.440939073	-0.05560019	-0.600341797	0.793701172	-0.179443359	888.52	-41.09971744	-71.22777755	-48.13407419	-53
13157	0	0.376586914	-0.114135742	0.062744141	0.999961853	-0.001799583	0.008480072	-8.7738E-05	9.414672852	-2.853393555	1.568603516	-0.089980299	0.424008912	-0.004386957	-0.597900391	0.793701172	-0.182373047	888.52	-39.43646636	-70.49771578	-50.12292811	-52
13158	0	0.369645119	-0.092344284	0.071314812	0.999957085	-0.001459122	0.009117126	8.7738E-05	9.241127968	-2.308607101	1.782870293	-0.072957122	0.455862801	0.004386964	-0.59765625	0.795898438	-0.195800781	888.46	-37.79061183	-69.67983727	-52.05100251	-54
13159	0	0.367370605	-0.081359863	0.068603516	0.999952316	-0.001673698	0.009563446	0.000453949	9.184265137	-2.033996582	1.715087891	-0.083686239	0.478179831	0.022697806	-0.595214844	0.795654297	-0.201416016	888.56	-36.31847155	-68.77875023	-53.8402339	-54
13160	0	0.363987923	-0.094305992	0.070380211	0.999936104	-0.004012108	0.010541916	-9.34601E-05	9.099698067	-2.357649803	1.759505272	-0.200609647	0.527106973	-0.004673103	-0.592529297	0.795654297	-0.212158203	888.56	-34.95876408	-67.80814557	-55.79721467	-55
13161	0	0.363586426	-0.096679688	0.078979492	0.999933243	-0.002863884	0.011138916	9.15527E-05	9.089660645	-2.416992188	1.974487305	-0.143197356	0.556958081	0.004577738	-0.587646484	0.800048828	-0.220947266	888.56	-33.56479768	-66.75233112	-57.66273223	-56
13162	0	0.35902977	-0.095864296	0.084192276	0.999913216	-0.005376816	0.011924744	0.0014925	8.975744247	-2.396607399	2.1048069	-0.268848557	0.596254409	0.074627171	-0.587646484	0.799804688	-0.226318359	888.4	-32.79030041	-65.52030467	-59.18978959	-59
13163	0	0.361328125	-0.103393555	0.077453613	0.999876022	-0.007998466	0.013046265	0.003456116	9.033203125	-2.584838867	1.936340332	-0.399939732	0.652339994	0.172812876	-0.583007813	0.806396484	-0.232666016	888.56	-32.67698358	-64.05448625	-60.33160162	-63
13164	0	0.35445118	-0.115807533	0.080337524	0.999875069	-0.005822182	0.014089584	0.003970146	8.861279488	-2.895188332	2.00843811	-0.291121127	0.70450836	0.198515521	-0.573486328	0.817626953	-0.239501953	888.56	-32.36595932	-62.45507143	-61.43472887	-65
13165	0	0.353515625	-0.112792969	0.078857422	0.999864578	-0.005648613	0.014507294	0.005176544	8.837890625	-2.819824219	1.971435547	-0.28244332	0.725397229	0.258838822	-0.561767578	0.821777344	-0.243408203	888.5	-32.28272401	-60.74051093	-62.28739562	-66
13166	0	0.353406906	-0.117236137	0.07235527	0.999815941	-0.007287979	0.016075134	0.007516861	8.835172653	-2.930903435	1.80888176	-0.364421311	0.803806023	0.375866105	-0.550048828	0.832763672	-0.250488281	888.46	-32.65828315	-58.73257789	-62.85044989	-72
13167	0	0.345397949	-0.118530273	0.075744629	0.999750137	-0.008353233	0.017608643	0.010860443	8.63494873	-2.963256836	1.893615723	-0.417696326	0.88050519	0.543067218	-0.533447266	0.848144531	-0.258300781	888.52	-33.5161831	-56.3725287	-63.00774321	-69
13168	0	0.335433006	-0.109962463	0.061513901	0.999503136	-0.018486977	0.01877594	0.017239571	8.385825157	-2.749061584	1.537847519	-0.924501649	0.938952204	0.862121037	-0.512451172	0.865722656	-0.263916016	888.58	-36.18978104	-53.48981649	-62.3514797	-66
13169	0	0.326293945	-0.139343262	0.045288086	0.999282837	-0.02087307	0.018722534	0.025424957	8.157348633	-3.483581543	1.132202148	-1.043902847	0.936350376	1.271551601	-0.485351563	0.894775391	-0.241699219	888.4	-39.82087683	-50.01908015	-60.8637124	-64
13170	0	0.301159859	-0.152505875	0.054895401	0.999267578	-0.010163307	0.019318581	0.031419754	7.528996468	-3.812646866	1.372385025	-0.508289408	0.966164825	1.571371197	-0.441650391	0.932617188	-0.221191406	888.52	-42.38912043	-45.99899572	-59.16174673	-62
13171	0	0.26776123	-0.124267578	0.021789551	0.999175072	-0.006526947	0.020924568	0.034160614	6.694030762	-3.106689453	0.54473877	-0.326437021	1.046515879	1.708500013	-0.382568359	0.9609375	-0.225097656	888.46	-44.29850382	-41.58545161	-57.66092129	-65
13172	0	0.24270153	-0.224992752	0.008382797	0.998972893	-0.001057625	0.022258759	0.039451599	6.067538261	-5.624818802	0.209569931	-0.052899352	1.11331909	1.973255531	-0.314208984	0.986816406	-0.221435547	888.52	-45.57133216	-36.60429523	-56.00974096	-64
13173	0	0.323486328	-0.456542969	-0.087280273	0.997166634	0.041252136	0.01762104	0.060375214	8.087158203	-11.41357422	-2.182006836	2.064556614	0.881884884	3.021614345	-0.237548828	1.005859375	-0.244384766	888.56	-43.19748301	-30.334423	-51.95810659	-64
13174	0	0.657739639	-0.746352196	-0.182188034	0.989600182	0.084892273	0.006467819	0.11593914	16.44349098	-18.65880489	-4.554700851	4.259388768	0.324516656	5.817135705	-0.135498047	0.980957031	-0.364257813	888.56	-38.08790581	-21.08935465	-41.39750455	-68
13175	0	0.449645996	-0.622314453	-0.387512207	0.984366417	0.070072174	-0.002814293	0.161563873	11.2411499	-15.55786133	-9.687805176	3.521980528	-0.141452509	8.120553177	0.023193359	0.879150391	-0.513671875	888.5	-34.31684138	-10.31167111	-25.66484605	-68
13176	0	0.113712311	0.04222393	-0.608421326	0.982738495	0.065813065	-0.049960136	0.165516853	2.84280777	1.055598259	-15.21053314	3.309717765	-2.512479127	8.323789105	0.278808594	0.675292969	-0.631835938	888.52	-29.35220103	-5.092490007	-6.255849319	-76
13177	0	-0.435058594	0.890380859	-0.710144043	0.98648262	0.059174538	-0.111392975	0.104598999	-10.87646484	22.25952148	-17.75360107	2.972130257	-5.594879894	5.253642228	0.532958984	0.412841797	-0.790283203	888.56	-24.90554109	-11.02384964	10.47257507	-70
13178	0	0.082186699	0.909865379	-0.069825172	0.984404564	0.073665619	-0.159036636	-0.01505661	2.054667473	22.74663448	-1.745629311	3.702547592	-7.993426564	-0.75676844	0.613769531	0.235351563	-0.978515625	888.64	-18.24192377	-28.65975852	15.85592057	-78
13179	0	1.075073242	0.320068359	0.627197266	0.985013008	0.071079254	-0.149027824	-0.049861908	26.87683105	8.001708984	15.67993164	3.571823253	-7.488838408	-2.505624523	0.435058594	0.08203125	-1.091796875	888.64	-8.782189165	-46.65080114	13.87342626	-91
13180	0	3.205307961	1.267950058	2.031826973	0.995566368	0.04946804	-0.042566299	-0.06774044	80.13269901	31.69875145	50.79567432	2.47706396	-2.131465998	-3.392036594	0.09765625	-0.148681641	-1.059082031	888.52	5.812999579	-51.74406447	2.14868713	-81
13181	0	1.536804199	-0.14642334	0.44342041	0.995185852	-0.077475548	0.000202179	-0.060009003	38.42010498	-3.660583496	11.08551025	-3.880004696	0.010125198	-3.00527352	-0.194824219	-0.111083984	-1.041992188	888.64	5.52043867	-51.03482527	-8.847202702	-72
13182	0	0.433860779	0.169517517	0.258975029	0.996845245	-0.045722008	0.027270317	-0.058866501	10.84651947	4.237937927	6.474375725	-2.288507408	1.364951491	-2.946424051	-0.218017578	-0.0078125	-1.046386719	888.58	7.633665707	-47.13855255	-18.58007509	-67
13183	0	0.189941406	0.296020508	-0.120910645	0.99888134	-0.002674103	0.024991035	-0.040046692	4.748535156	7.400512695	-3.022766113	-0.133755004	1.250017792	-2.003081363	-0.198486328	0.047851563	-1.055175781	888.5	11.46302073	-43.54463019	-24.38807337	-74
13184	0	0.139808655	0.038861275	0.071473122	0.997919083	-0.032979965	0.030566216	-0.046200752	3.49521637	0.971531868	1.786828041	-1.650142741	1.529371493	-2.311640885	-0.140625	0.047119141	-1.067138672	888.58	11.65284999	-39.03998583	-30.38831734	-83
13185	0	-0.01171875	-0.224975586	0.00994873	0.996552467	-0.059272766	0.037365913	-0.044410706	-0.29296875	-5.624389648	0.248718262	-2.967048062	1.8704452	-2.223090072	-0.101318359	0.143066406	-1.059326172	888.44	8.040136863	-33.93760757	-35.74203706	-72
13186	0	0.030402184	-0.352558136	0.059661865	0.998951912	-0.034938812	0.024837494	-0.016044617	0.760054588	-8.8139534	1.491546631	-1.747551177	1.242308736	-0.802511219	-0.041259766	0.254394531	-1.043701172	888.44	5.001643189	-30.89438045	-37.54509058	-69
13187	0	-0.008911133	-0.200622559	0.21875	0.999670029	-0.019011497	0.015472412	0.007675171	-0.22277832	-5.015563965	5.46875	-0.950679428	0.773705696	0.383800754	0.018310547	0.318603516	-1.031982422	888.44	2.25738937	-29.17288184	-36.42023334	-69
13188	0	0.005813599	0.001128197	0.281018257	0.999409676	-0.012251854	0.008718491	0.030870438	0.145339966	0.028204918	7.025456429	-0.612713146	0.436010242	1.543825371	0.060302734	0.344970703	-1.023925781	888.62	-1.08291368	-28.2002741	-32.3940432	-69
13189	0	0.051757813	0.11126709	0.328674316	0.998285294	-0.018973351	-0.005775452	0.05506134	1.293945313	2.781677246	8.21685791	-0.949209909	-0.288937683	2.75464103	0.100097656	0.369384766	-1.012695313	888.56	-6.672438675	-28.42462332	-25.20789168	-67
13190	0	0.065772057	0.171585083	0.432781219	0.997591972	-0.019670486	-0.025712967	0.061325073	1.644301414	4.289627075	10.81953049	-0.984314303	-1.286680997	3.068716521	0.134765625	0.398193359	-1.004150391	888.62	-13.09057559	-30.11656081	-16.70733625	-66
13191	0	0.110595703	0.108703613	0.525024414	0.99715519	-0.010231018	-0.039477348	0.063388824	2.764892578	2.717590332	13.12561035	-0.512036523	-1.975741226	3.172450001	0.16015625	0.415771484	-0.996826172	888.5	-19.26358	-32.43714397	-7.088404536	-67
13192	0	0.179931641	0.073974609	0.527832031	0.998547554	-0.012473106	-0.035255432	0.038768768	4.498291016	1.849365234	13.19580078	-0.623957307	-1.763625181	1.939377051	0.153076172	0.420166016	-1.004638672	888.58	-24.39364177	-34.53267122	-0.370316471	-72
13193	0	0.280700684	-0.028259277	0.313720703	0.999468803	-0.02135849	-0.023489952	0.007266998	7.01751709	-0.706481934	7.843017578	-1.068113394	-1.174705349	0.363414184	0.120361328	0.449951172	-0.991699219	888.58	-28.19576908	-36.57499905	1.979851794	-75
13194	0	0.333140373	-0.199245453	0.166222572	0.999778748	0.008231163	-0.018305779	-0.00625515	8.328509331	-4.981136322	4.155564308	0.411588474	-0.915356362	-0.312780535	0.087646484	0.479492188	-0.978515625	888.58	-27.48786054	-38.76558958	2.366232497	-70
13195	0	0.321350098	-0.19128418	0.21484375	0.999622345	0.015374184	-0.014797211	-0.017314911	8.033752441	-4.782104492	5.37109375	0.768805961	-0.739953681	-0.86585454	0.048583984	0.441894531	-0.993896484	888.58	-24.82791467	-41.16404308	0.977769151	-69
13196	0	0.337319374	-0.230885506	0.418877602	0.999704361	-0.010189056	-0.009251595	-0.020026207	8.432984352	-5.772137642	10.47194004	-0.509502968	-0.462625262	-1.001408913	0.008300781	0.428955078	-0.995361328	888.52	-24.47698714	-43.08439355	-1.268267977	-72
13197	0	0.298278809	-0.242980957	0.301513672	0.999910355	-0.006728172	0.003898621	-0.010864258	7.456970215	-6.074523926	7.537841797	-0.336418624	0.19493683	-0.543229052	-0.038085938	0.4453125	-0.985351563	888.5	-23.98209682	-43.18569338	-3.111289356	-75
13198	0	0.198303223	-0.16973877	0.189880371	0.999991417	-0.001815796	-0.000694275	-0.003608704	4.957580566	-4.243469238	4.747009277	-0.090790049	-0.034713842	-0.180435686	-0.0625	0.452392578	-0.979003906	888.5	-23.83602422	-43.42298777	-3.623570937	-79
13199	0	0.227966309	-0.12109375	0.252075195	0.999960899	0.00151062	-0.008677483	-0.000377655	5.699157715	-3.02734375	6.301879883	0.075531984	-0.433879751	-0.018882996	-0.060058594	0.452392578	-0.979248047	888.56	-23.98425947	-44.34601022	-3.156617732	-82
13200	0	0.256212234	-0.103721619	0.27044487	0.999967575	-0.0031147	-0.007332802	0.000842094	6.405305862	-2.593040466	6.76112175	-0.155736682	-0.366644013	0.042105171	-0.069580078	0.450195313	-0.980957031	888.58	-24.7421831	-45.06794571	-2.579766508	-83
13201	0	0.250793457	-0.132019043	0.258361816	0.999950409	-0.008109093	-0.00567627	-0.001022339	6.269836426	-3.300476074	6.45904541	-0.405461327	-0.283818161	-0.051117787	-0.086914063	0.459472656	-0.97265625	888.5	-25.81637097	-45.70223543	-2.368977486	-81
13202	0	0.244285583	-0.156600952	0.256514549	0.999948502	-0.008194923	-0.00423336	-0.004074097	6.107139587	-3.915023804	6.412863731	-0.409753114	-0.211671602	-0.203708286	-0.09765625	0.477539063	-0.962646484	888.52	-26.51408787	-46.33906022	-2.70049915	-79
13203	0	0.258422852	-0.182617188	0.240600586	0.999959946	-0.006091118	-0.004901886	-0.004199982	6.460571289	-4.565429688	6.015014648	-0.304559891	-0.245097517	-0.210001842	-0.110351563	0.491210938	-0.952148438	888.58	-26.99670135	-47.05233306	-2.995739006	-79
13204	0	0.284567833	-0.193831444	0.226009369	0.999977112	0.002111435	-0.006005287	-0.002199173	7.114195824	-4.845786095	5.650234222	0.105572545	-0.300266628	-0.10995948	-0.120361328	0.498291016	-0.946777344	888.56	-26.82287622	-47.77480313	-2.908199881	-80
13205	0	0.309448242	-0.149108887	0.233032227	0.999950409	0.007016182	-0.006977081	0.000137329	7.736206055	-3.727722168	5.825805664	0.350814823	-0.348859759	0.006866567	-0.131835938	0.487060547	-0.947753906	888.56	-26.40822449	-48.47736891	-2.390582349	-77
13206	0	0.325126648	-0.111253738	0.232053757	0.999962807	0.00560379	-0.006372452	0.000702858	8.128166199	-2.78134346	5.801343918	0.2801929	-0.31862644	0.035143323	-0.145751953	0.473876953	-0.948242188	888.56	-26.19144984	-49.09155276	-1.828761925	-74
13207	0	0.328613281	-0.086853027	0.218994141	0.999977112	0.003983498	-0.005325317	0.000461578	8.215332031	-2.171325684	5.474853516	0.199176356	-0.266267841	0.023079089	-0.159667969	0.465087891	-0.954589844	888.52	-26.07602484	-49.61204818	-1.380899056	-72
13208	0	0.327078819	-0.07949543	0.216832161	0.999990463	0.002376556	-0.003554344	-0.000201225	8.176970482	-1.98738575	5.420804024	0.118828183	-0.177717752	-0.010061295	-0.171386719	0.460693359	-0.958740234	888.5	-25.96232568	-49.98481455	-1.173931477	-72
13209	0	0.325378418	-0.083374023	0.231201172	0.999998093	0.00093174	-0.001651764	-0.000141144	8.134460449	-2.084350586	5.780029297	0.046587018	-0.082588246	-0.007057194	-0.178466797	0.454101563	-0.952392578	888.56	-25.90798454	-50.15912743	-1.105354996	-71
13210	0	0.315600395	-0.087680817	0.228613853	0.999999046	0.000228882	0.000705719	0.000185013	7.89000988	-2.192020416	5.715346336	0.011444093	0.035285953	0.009250642	-0.185546875	0.454101563	-0.95703125	888.56	-25.83280633	-50.07437197	-1.168118627	-71
13211	0	0.299560547	-0.089355469	0.22442627	0.999998093	1.62125E-05	0.001239777	0.000751495	7.489013672	-2.233886719	5.610656738	0.000810623	0.061988852	0.037574781	-0.187988281	0.451904297	-0.956787109	888.66	-25.81984581	-49.90633251	-1.180669697	-71
13212	0	0.297078133	-0.097791672	0.228340149	0.999998093	-3.62396E-05	0.000763893	0.001517296	7.426953316	-2.444791794	5.708503723	-0.001811982	0.038194675	0.075864828	-0.185546875	0.454101563	-0.954589844	888.52	-25.93437937	-49.74908396	-1.035803371	-72
13213	0	0.303344727	-0.108215332	0.230895996	0.999999046	0.000179291	0.000321388	0.000972748	7.583618164	-2.705383301	5.772399902	0.00896454	0.016069415	0.048637399	-0.183105469	0.454101563	-0.957275391	888.52	-25.98359545	-49.66461424	-0.943410859	-72
13214	0	0.301390648	-0.113175392	0.229481697	0.999999046	0.000118256	0.000310898	0.000445366	7.534766197	-2.829384804	5.737042427	0.005912781	0.015544892	0.022268296	-0.178466797	0.454101563	-0.957763672	888.62	-25.97654918	-49.60765805	-0.934160567	-72
13215	0	0.297424316	-0.116455078	0.229187012	0.999999046	-0.000534058	0.000504494	-0.000278473	7.43560791	-2.911376953	5.729675293	-0.026702884	0.025224688	-0.013923646	-0.176025391	0.454101563	-0.955078125	888.56	-25.94560398	-49.56698219	-1.05487523	-73
13216	0	0.292072296	-0.121053696	0.228984833	0.999999046	-0.000666618	0.000602722	-0.000603676	7.301807404	-3.026342392	5.724620819	-0.033330924	0.030136114	-0.030183798	-0.176025391	0.456298828	-0.958007813	888.52	-25.88537819	-49.53222344	-1.234138025	-73
13217	0	0.289245605	-0.125183105	0.226745605	0.999999046	6.86646E-05	0.0001688	-0.000396729	7.231140137	-3.129577637	5.668640137	0.003433228	0.008440018	-0.019836426	-0.176025391	0.456298828	-0.958007813	888.5	-25.79204655	-49.53152601	-1.346811406	-73
13218	0	0.290787697	-0.117657661	0.230154991	0.999999046	0.001243591	-0.000457764	3.05176E-05	7.269692421	-2.941441536	5.753874779	0.062179584	-0.02288819	0.001525879	-0.176025391	0.454101563	-0.957763672	888.52	-25.65266649	-49.57395857	-1.34369337	-73
13219	0	0.291625977	-0.110839844	0.233459473	0.999998093	0.001347542	-0.000770569	0.000408173	7.290649414	-2.770996094	5.836486816	0.067377119	-0.038528459	0.020408639	-0.178222656	0.451904297	-0.960205078	888.5	-25.56549401	-49.62987178	-1.256169824	-72
13220	0	0.29733181	-0.106423378	0.234508514	0.999998093	0.001262665	-0.000655174	0.000517845	7.43329525	-2.66058445	5.86271286	0.063133264	-0.032758725	0.025892268	-0.177978516	0.449462891	-0.962646484	888.52	-25.4947395	-49.6684521	-1.159459048	-72
13221	0	0.296325684	-0.100646973	0.234313965	0.999999046	0.000274658	-0.000384331	0.000595093	7.40814209	-2.516174316	5.857849121	0.013732911	-0.019216539	0.029754642	-0.177978516	0.447265625	-0.959716797	888.52	-25.53080094	-49.67518423	-1.071000837	-72
13222	0	0.294793129	-0.10422802	0.231945992	0.999999046	0.000471115	-0.000612259	0.000601768	7.369828224	-2.605700493	5.798649788	0.023555759	-0.03061295	0.030088429	-0.178222656	0.449462891	-0.957275391	888.5	-25.55849967	-49.7050768	-0.966396512	-72
13223	0	0.296508789	-0.100036621	0.231811523	0.999999046	0.00038147	-0.000842094	9.15527E-05	7.412719727	-2.500915527	5.795288086	0.019073489	-0.042104727	0.004577637	-0.178222656	0.449462891	-0.959960938	888.5	-25.54765116	-49.78392324	-0.925199975	-72
13224	0	0.298894882	-0.099793434	0.231444359	0.999999046	-0.000317574	-0.00104332	-0.000339508	7.472372055	-2.494835854	5.786108971	-0.015878681	-0.052165996	-0.016975407	-0.177978516	0.445068359	-0.962158203	888.5	-25.57590964	-49.90486465	-0.934008641	-72
13225	0	0.300354004	-0.105102539	0.229553223	0.999999046	-0.000595093	-0.000868797	-0.00038147	7.508850098	-2.627563477	5.738830566	-0.029754645	-0.043439874	-0.01907349	-0.180419922	0.447265625	-0.959716797	888.58	-25.62064538	-50.00985324	-0.964385964	-72
13226	0	0.30077076	-0.108074188	0.227375031	0.999999046	-0.000688553	-0.000482559	-0.000408173	7.51926899	-2.701854706	5.684375763	-0.034427648	-0.024127964	-0.020408633	-0.182861328	0.449707031	-0.959716797	888.58	-25.65011023	-50.07626967	-1.029394573	-72
13227	0	0.300048828	-0.112243652	0.227233887	0.999999046	-0.000930786	-0.000365257	-0.000370026	7.501220703	-2.806091309	5.680847168	-0.046539315	-0.018262867	-0.018501285	-0.185302734	0.449707031	-0.959472656	888.56	-25.70529479	-50.12864835	-1.096058356	-72
13228	0	0.302682877	-0.118667603	0.226486206	0.999999046	0.000107765	-0.000720978	-0.000252724	7.567071915	-2.966690063	5.662155151	0.00538826	-0.036048893	-0.012636186	-0.185546875	0.451904297	-0.954345703	888.56	-25.67750578	-50.21190792	-1.11905952	-72
13229	0	0.30480957	-0.113769531	0.224731445	0.999999046	0.000816345	-0.00051403	9.91821E-05	7.620239258	-2.844238281	5.618286133	0.040817267	-0.025701527	0.004959107	-0.185546875	0.451904297	-0.95703125	888.46	-25.60007079	-50.25635436	-1.101207353	-72
13230	0	0.304960251	-0.107661247	0.226973534	0.999999046	0.000999451	-0.000263214	0.000323296	7.624006271	-2.691531181	5.674338341	0.049972544	-0.013160708	0.016164783	-0.187744141	0.449707031	-0.959228516	888.46	-25.514682	-50.26384233	-1.065609815	-72
13231	0	0.304138184	-0.10760498	0.227844238	0.999999046	0.000530243	0.000203133	0.000278473	7.60345459	-2.690124512	5.696105957	0.026512148	0.010156632	0.013923646	-0.187744141	0.447509766	-0.956542969	888.52	-25.44995469	-50.225343	-1.073171774	-72
13232	0	0.303620338	-0.106986046	0.225699425	0.999999046	0.00042057	0.000597	0.000216484	7.590508461	-2.674651146	5.642485619	0.021028521	0.029850009	0.010824205	-0.187744141	0.447509766	-0.958984375	888.56	-25.36708442	-50.14915561	-1.120587126	-72
13233	0	0.300720215	-0.098754883	0.224853516	0.999999046	0.000236511	0.000226021	-5.34058E-05	7.518005371	-2.46887207	5.621337891	0.011825562	0.011301041	-0.002670288	-0.185302734	0.447265625	-0.961914063	888.48	-25.29374889	-50.12465169	-1.18236227	-72
13234	0	0.2961092	-0.102153778	0.232236862	0.999999046	-0.000717163	0.000207901	-0.000252724	7.402729988	-2.553844452	5.805921555	-0.035858158	0.010395051	-0.012636186	-0.185302734	0.447509766	-0.959228516	888.62	-25.30605078	-50.11165981	-1.274935169	-72
13235	0	0.297729492	-0.114501953	0.233947754	0.999999046	-0.000713348	0.000599861	-8.39233E-05	7.443237305	-2.862548828	5.848693848	-0.035667425	0.029993062	-0.004196168	-0.185302734	0.449707031	-0.959472656	888.62	-25.31621754	-50.04962321	-1.370262294	-72
13236	0	0.300221443	-0.112335205	0.227799416	0.999999046	0.000735283	0.000257492	0.000377655	7.505536079	-2.808380127	5.69498539	0.036764149	0.012874605	0.018882754	-0.185302734	0.449707031	-0.959472656	888.58	-25.23788079	-50.00040534	-1.365656291	-72
13237	0	0.29864502	-0.1015625	0.228271484	0.999999046	0.000911713	-0.000235558	0.000328064	7.466125488	-2.5390625	5.706787109	0.04558564	-0.01177788	0.016403201	-0.182861328	0.447509766	-0.956787109	888.58	-25.16193718	-50.00475313	-1.332007099	-72
13238	0	0.300703049	-0.101209641	0.234966278	0.999999046	-9.53674E-06	-5.14984E-05	-8.7738E-05	7.517576218	-2.530241013	5.874156952	-0.000476837	-0.002574921	-0.004386902	-0.182861328	0.447265625	-0.959472656	888.52	-25.12936836	-50.01022035	-1.378314748	-72
13239	0	0.29699707	-0.10760498	0.230834961	0.999999046	-0.000427246	0.000561714	-0.000324249	7.424926758	-2.690124512	5.770874023	-0.021362307	0.028085711	-0.016212465	-0.185302734	0.447509766	-0.953857422	888.44	-25.08007453	-49.96345267	-1.510331126	-72
13240	0	0.294125557	-0.10498333	0.226618767	0.999999046	-0.00026989	-4.95911E-05	-0.000302315	7.353138924	-2.624583244	5.66546917	-0.013494492	-0.002479553	-0.015115738	-0.182861328	0.447265625	-0.959472656	888.58	-25.05100393	-49.97895697	-1.590040309	-72
13241	0	0.296020508	-0.105712891	0.227966309	0.999999046	-0.000839233	-0.000433922	-0.000255585	7.400512695	-2.642822266	5.699157715	-0.041961677	-0.021696094	-0.012779238	-0.182861328	0.449707031	-0.962402344	888.58	-25.11526796	-50.03204556	-1.632599332	-72
13242	0	0.299026489	-0.113152504	0.231910706	0.999999046	-0.000263214	-0.000123978	0	7.475662231	-2.828812599	5.797767639	-0.013160706	-0.006198883	0	-0.180664063	0.449707031	-0.95703125	888.58	-25.12744668	-50.04045724	-1.658514922	-72
13243	0	0.300598145	-0.111572266	0.229614258	0.999999046	0.000526428	-0.000113487	0.000167847	7.514953613	-2.789306641	5.740356445	0.026321413	-0.005674362	0.008392334	-0.182861328	0.449707031	-0.959716797	888.56	-25.06955544	-50.03956898	-1.657820788	-72
13244	0	0.300187111	-0.106245995	0.227704048	0.999999046	0.000887871	-0.000436783	0.000144958	7.504677773	-2.656149864	5.692601204	0.044393547	-0.021839145	0.007247926	-0.185302734	0.447265625	-0.961914063	888.5	-24.98625496	-50.0733671	-1.635276967	-72
13245	0	0.299804688	-0.10168457	0.23059082	0.999999046	0.000507355	-0.000555992	0.00012207	7.495117188	-2.542114258	5.764770508	0.025367739	-0.027799609	0.006103516	-0.182861328	0.449707031	-0.959716797	888.56	-24.95057779	-50.12068135	-1.610660626	-72
13246	0	0.300401688	-0.102807045	0.229932785	0.999999046	-1.71661E-05	-0.000219345	-3.8147E-05	7.510042191	-2.570176125	5.748319626	-0.000858307	-0.010967255	-0.001907349	-0.185302734	0.447265625	-0.961914063	888.56	-24.93561945	-50.14074564	-1.634721049	-72
13247	0	0.300048828	-0.107543945	0.228637695	0.999999046	-9.15527E-05	-0.000132561	0.000152588	7.501220703	-2.688598633	5.715942383	-0.004577637	-0.006628037	0.007629395	-0.185058594	0.445068359	-0.961669922	888.52	-24.94805925	-50.14253889	-1.632704545	-72
13248	0	0.29983139	-0.108898163	0.225974083	0.999999046	0.000403404	-0.00022316	0.000105858	7.49578476	-2.722454071	5.649352074	0.020170213	-0.01115799	0.005292893	-0.182861328	0.447265625	-0.959472656	888.58	-24.90344035	-50.15601753	-1.63429043	-72
13249	0	0.300842285	-0.100158691	0.229675293	0.999999046	0.000350952	-0.000544548	6.10352E-05	7.521057129	-2.503967285	5.741882324	0.017547609	-0.027227404	0.003051758	-0.187744141	0.4453125	-0.956298828	888.44	-24.87778201	-50.20507988	-1.619053113	-72
13250	0	0.300045967	-0.10485363	0.23290062	0.999999046	-0.000535965	2.09808E-05	-0.000144958	7.501149178	-2.621340752	5.822515488	-0.02679825	0.001049042	-0.007247925	-0.187744141	0.4453125	-0.956298828	888.56	-24.8953659	-50.20520773	-1.678892964	-72
13251	0	0.300476074	-0.110351563	0.227600098	0.999999046	-0.000507355	7.72476E-05	-9.53674E-05	7.511901855	-2.758789063	5.690002441	-0.025367738	0.003862381	-0.004768372	-0.185302734	0.445068359	-0.958984375	888.5	-24.91285969	-50.19705838	-1.73283315	-72
13252	0	0.302231789	-0.107045174	0.226743698	0.999999046	6.67572E-06	-8.96454E-05	0.000151634	7.555794716	-2.676129341	5.668592453	0.000333786	-0.004482269	0.007581711	-0.185302734	0.447265625	-0.961914063	888.52	-24.91210228	-50.19435902	-1.734666647	-72
13253	0	0.30090332	-0.100585938	0.229980469	0.999999046	-0.000236511	0.000115395	8.39233E-05	7.522583008	-2.514648438	5.749511719	-0.011825562	0.00576973	0.004196167	-0.185302734	0.445068359	-0.958984375	888.5	-24.91885385	-50.17361569	-1.762088839	-72
13254	0	0.298634529	-0.105873108	0.231280327	0.999999046	-0.000522614	0.00025177	-0.000160217	7.465863228	-2.646827698	5.782008171	-0.026130678	0.012588502	-0.008010865	-0.187744141	0.447509766	-0.961669922	888.48	-24.92018411	-50.1504143	-1.839552419	-72
13255	0	0.297302246	-0.109863281	0.227050781	0.999999046	6.10352E-05	-6.38962E-05	3.8147E-05	7.432556152	-2.746582031	5.676269531	0.003051758	-0.003194809	0.001907349	-0.185302734	0.447509766	-0.956542969	888.46	-24.89785755	-50.15039246	-1.862878905	-72
13256	0	0.298482895	-0.103816032	0.228672028	0.999999046	0.00039196	-0.000303268	0.000151634	7.462072372	-2.59540081	5.71680069	0.019598008	-0.015163422	0.007581711	-0.185302734	0.447265625	-0.961914063	888.52	-24.86563054	-50.16974877	-1.848229318	-72
13257	0	0.299194336	-0.102172852	0.231018066	0.999999046	-0.000179291	-0.000185966	-0.000171661	7.479858398	-2.554321289	5.77545166	-0.008964539	-0.009298325	-0.008583069	-0.185302734	0.447509766	-0.959228516	888.52	-24.85175381	-50.19245486	-1.895864201	-72
13258	0	0.300233841	-0.112101555	0.230621338	0.999999046	-8.01086E-05	-0.000232697	-0.000107765	7.505846024	-2.802538872	5.765533447	-0.004005432	-0.011634827	-0.00538826	-0.185302734	0.449707031	-0.959472656	888.58	-24.83741039	-50.21686089	-1.93087876	-72
13259	0	0.30065918	-0.110107422	0.227172852	0.999999046	0.000667572	-0.000136375	0.000160217	7.516479492	-2.752685547	5.679321289	0.033378604	-0.006818772	0.008010865	-0.185302734	0.447509766	-0.959228516	888.62	-24.76551755	-50.21832861	-1.928844275	-72
13260	0	0.299956322	-0.10330677	0.228815079	0.999999046	0.000498772	-0.000450134	0.000175476	7.498908043	-2.582669258	5.720376968	0.024938585	-0.022506716	0.008773804	-0.185302734	0.445068359	-0.958984375	888.58	-24.73301138	-50.25170817	-1.899697621	-72
13261	0	0.30078125	-0.104003906	0.230163574	0.999999046	0.000301361	-4.86374E-05	0.000118256	7.51953125	-2.600097656	5.754089355	0.015068054	-0.00243187	0.005912781	-0.189941406	0.4453125	-0.958740234	888.5	-24.69287827	-50.2460281	-1.910774512	-72
13262	0	0.299985886	-0.102230072	0.226838112	0.999999046	0.000131607	-9.15527E-05	0.000209808	7.499647141	-2.555751801	5.670952797	0.006580353	-0.004577637	0.010490418	-0.187744141	0.447509766	-0.961669922	888.56	-24.6861813	-50.24045723	-1.904443358	-72
13263	0	0.300292969	-0.10534668	0.229370117	0.999999046	-0.000164032	-1.04904E-05	2.28882E-05	7.507324219	-2.633666992	5.73425293	-0.008201599	-0.000524521	0.001144409	-0.187744141	0.4453125	-0.956298828	888.52	-24.68541232	-50.23536394	-1.934369189	-72
13264	0	0.300048828	-0.106900215	0.227984428	0.999999046	0.000138283	1.33514E-05	1.14441E-05	7.501220703	-2.672505379	5.69961071	0.006914139	0.000667572	0.000572205	-0.185302734	0.4453125	-0.956298828	888.44	-24.64736636	-50.22830897	-1.967965581	-71
13265	0	0.299438477	-0.104248047	0.22845459	0.999999046	0.000274658	-7.53403E-05	2.67029E-05	7.485961914	-2.606201172	5.711364746	0.01373291	-0.003767014	0.001335144	-0.1875	0.4453125	-0.958984375	888.56	-24.60078523	-50.22973094	-1.99178248	-72
13266	0	0.301115036	-0.098891258	0.22681427	0.999999046	-9.53674E-06	-0.000469208	4.19617E-05	7.5278759	-2.472281456	5.67035675	-0.000476837	-0.023460389	0.002098084	-0.185058594	0.445068359	-0.961669922	888.52	-24.61123112	-50.27150769	-1.98237613	-72
13267	0	0.301635742	-0.100219727	0.231689453	0.999999046	-0.000850677	-0.00020504	-0.000411987	7.540893555	-2.505493164	5.792236328	-0.042533881	-0.010252	-0.020599368	-0.185302734	0.445068359	-0.958984375	888.46	-24.64591274	-50.30742254	-2.066284193	-72
13268	0	0.303346634	-0.110129356	0.231193542	0.999998093	-0.001523972	0.000437737	-0.000553131	7.583665848	-2.75323391	5.779838562	-0.076198614	0.021886836	-0.027656568	-0.190185547	0.447509766	-0.956298828	888.46	-24.70325205	-50.28314246	-2.221625164	-72
13269	0	0.298217773	-0.114562988	0.225463867	0.999999046	-0.00031662	0.000260353	-0.000286102	7.455444336	-2.864074707	5.63659668	-0.015830994	0.013017655	-0.014305115	-0.190185547	0.449707031	-0.959228516	888.56	-24.66638907	-50.26450354	-2.320061796	-72
13270	0	0.298707962	-0.103856087	0.228116035	0.999999046	0.000713348	-0.00019455	9.53674E-05	7.467699051	-2.596402168	5.702900887	0.035667423	-0.009727479	0.004768372	-0.187744141	0.449707031	-0.956542969	888.54	-24.58555117	-50.27496108	-2.324721551	-72
13271	0	0.30090332	-0.099304199	0.233337402	0.999999046	-6.48499E-05	-6.77109E-05	1.14441E-05	7.522583008	-2.48260498	5.833435059	-0.003242493	-0.003385544	0.000572205	-0.187744141	0.447509766	-0.958984375	888.46	-24.57596708	-50.27615092	-2.349432474	-72
13272	0	0.299528122	-0.107459068	0.228399277	0.999999046	-0.0002985	5.34058E-05	-1.90735E-05	7.488203049	-2.686476707	5.709981918	-0.014925003	0.002670288	-0.000953674	-0.187744141	0.449707031	-0.959228516	888.6	-24.58256133	-50.26614069	-2.389324967	-72
13273	0	0.299255371	-0.105712891	0.225341797	0.999999046	0.000530243	-0.000308037	0.000114441	7.481384277	-2.642822266	5.633544922	0.026512148	-0.015401841	0.005722046	-0.187744141	0.447509766	-0.956542969	888.54	-24.5318113	-50.28744745	-2.380564132	-72
13274	0	0.299068451	-0.100960732	0.229780197	0.999999046	0.000137329	-0.000244141	0.000148773	7.476711273	-2.524018288	5.744504929	0.006866455	-0.012207031	0.00743866	-0.187744141	0.447509766	-0.956542969	888.54	-24.52670903	-50.30044243	-2.37116312	-72
13275	0	0.300354004	-0.106994629	0.229431152	0.999999046	-0.000167847	-0.00014019	7.62939E-05	7.508850098	-2.674865723	5.735778809	-0.008392334	-0.007009506	0.003814697	-0.187744141	0.447509766	-0.958984375	888.46	-24.5416697	-50.30600337	-2.37972763	-71
13276	0	0.303161621	-0.110351563	0.22845459	0.999999046	0.000500679	-0.000114441	6.86646E-05	7.579040527	-2.758789063	5.711364746	0.025033952	-0.005722046	0.003433228	-0.190185547	0.447509766	-0.956298828	888.58	-24.47783247	-50.30923588	-2.39356876	-72
13277	0	0.300842285	-0.101257324	0.227233887	0.999999046	0.000713348	-0.000254631	0.000137329	7.521057129	-2.531433105	5.680847168	0.035667423	-0.012731553	0.006866456	-0.187744141	0.447509766	-0.958984375	888.56	-24.40628258	-50.32386037	-2.385949249	-72
13278	0	0.300747871	-0.099914551	0.229114532	0.999999046	5.34058E-05	-9.91821E-05	6.86646E-05	7.518696785	-2.49786377	5.727863312	0.002670288	-0.004959106	0.003433228	-0.1875	0.4453125	-0.958984375	888.58	-24.39280652	-50.32551941	-2.399014873	-71
13279	0	0.299438477	-0.103820801	0.227600098	0.999999046	-0.000198364	9.53674E-07	0.000144958	7.485961914	-2.59552002	5.690002441	-0.009918213	4.76837E-05	0.007247925	-0.190185547	0.447509766	-0.956298828	888.52	-24.4121639	-50.3131166	-2.409859617	-72
13280	0	0.298125267	-0.103813171	0.226094246	0.999998093	-0.000163078	-0.000320435	9.05991E-05	7.453131676	-2.595329285	5.652356148	-0.008153916	-0.016021729	0.004529953	-0.187744141	0.447509766	-0.956542969	888.66	-24.43910423	-50.33681531	-2.404920599	-72
13281	0	0.30090332	-0.10736084	0.228820801	0.999999046	4.57764E-05	-0.000407219	7.62939E-05	7.522583008	-2.684020996	5.72052002	0.002288818	-0.020360947	0.003814697	-0.190185547	0.447509766	-0.953613281	888.52	-24.44545836	-50.37021735	-2.397033298	-72
13282	0	0.301439285	-0.104090691	0.22815609	0.999999046	0.000297546	-0.00034523	0.000208855	7.535982132	-2.602267265	5.703902245	0.01487732	-0.017261506	0.010442734	-0.190185547	0.447509766	-0.956298828	888.62	-24.43620767	-50.39086465	-2.371131539	-72
13283	0	0.303222656	-0.105712891	0.228271484	0.999999046	0.000137329	-0.000132561	6.48499E-05	7.580566406	-2.642822266	5.706787109	0.006866455	-0.006628037	0.003242493	-0.190185547	0.447509766	-0.958984375	888.62	-24.41510957	-50.39615525	-2.383397972	-72
13284	0	0.301255226	-0.103675842	0.228768349	0.999999046	0.00023365	-2.86102E-05	5.62668E-05	7.531380653	-2.591896057	5.719208717	0.01168251	-0.001430511	0.002813339	-0.189941406	0.447509766	-0.961669922	888.54	-24.37600851	-50.39098565	-2.403929339	-72
13285	0	0.299804688	-0.103149414	0.225402832	0.999999046	0.000236511	-2.86102E-06	0.000225067	7.495117188	-2.578735352	5.635070801	0.011825562	-0.000143051	0.011253357	-0.189941406	0.4453125	-0.958740234	888.52	-24.35650117	-50.37515987	-2.398260174	-72
13286	0	0.299638748	-0.099575996	0.227338791	0.999999046	0.000120163	-0.000364304	8.01086E-05	7.490968704	-2.48939991	5.683469772	0.006008148	-0.01821518	0.004005432	-0.189941406	0.4453125	-0.958740234	888.54	-24.35266281	-50.40393329	-2.389749478	-72
13287	0	0.299987793	-0.104858398	0.23223877	0.999999046	-0.000545502	-7.15256E-05	-0.000217438	7.499694824	-2.621459961	5.805969238	-0.027275087	-0.003576279	-0.010871888	-0.190185547	0.447509766	-0.956298828	888.48	-24.37088328	-50.4161327	-2.45394128	-71
13288	0	0.299458504	-0.111935616	0.228288651	0.999999046	-0.000212669	-0.000230789	5.62668E-05	7.486462593	-2.798390388	5.707216263	-0.010633469	-0.011539459	0.002813339	-0.192626953	0.447509766	-0.956054688	888.56	-24.3949199	-50.43193932	-2.460677019	-72
13289	0	0.299316406	-0.104919434	0.224487305	0.999999046	0.000904083	-0.00077343	0.000209808	7.482910156	-2.62298584	5.612182617	0.045204174	-0.038671503	0.01049042	-0.190185547	0.447509766	-0.958984375	888.62	-24.34162355	-50.49714259	-2.402283236	-72
13290	0	0.302864075	-0.097064972	0.228466034	0.999999046	0.000226974	-0.000463486	-5.34058E-05	7.571601868	-2.426624298	5.711650848	0.011348725	-0.023174287	-0.002670288	-0.192382813	0.4453125	-0.958496094	888.58	-24.31471789	-50.54247174	-2.40843252	-72
13291	0	0.303039551	-0.10168457	0.228881836	0.999999046	-0.000694275	-8.67844E-05	-0.000110626	7.57598877	-2.542114258	5.722045898	-0.034713748	-0.004339219	-0.005531311	-0.189941406	0.4453125	-0.958740234	888.46	-24.36452553	-50.55116906	-2.449968018	-72
13292	0	0.300477982	-0.105779648	0.227277756	0.999999046	-0.000519753	-5.53131E-05	-8.01086E-05	7.511949539	-2.644491196	5.681943893	-0.025987626	-0.002765656	-0.004005432	-0.194824219	0.447509766	-0.958496094	888.52	-24.39653797	-50.55512648	-2.490133394	-72
13293	0	0.299621582	-0.103515625	0.225463867	0.999999046	-5.72205E-05	-0.000346184	0.000133514	7.490539551	-2.587890625	5.63659668	-0.002861023	-0.017309189	0.00667572	-0.194824219	0.447509766	-0.958496094	888.44	-24.41948491	-50.57932566	-2.473163371	-72
13294	0	0.301033974	-0.103317261	0.228172302	0.999999046	-8.58307E-05	-0.000286102	6.48499E-05	7.525849342	-2.582931519	5.704307556	-0.004291534	-0.014305115	0.003242493	-0.192626953	0.447509766	-0.953369141	888.44	-24.43359855	-50.60048719	-2.474392616	-72
13295	0	0.302429199	-0.109436035	0.230102539	0.999999046	0.000144958	-4.86374E-05	0.000274658	7.56072998	-2.735900879	5.752563477	0.007247925	-0.00243187	0.01373291	-0.195068359	0.449707031	-0.956054688	888.58	-24.43440116	-50.58685914	-2.460042661	-72
13296	0	0.30239296	-0.106973648	0.22723484	0.999999046	0.000756264	0.000112534	0.000452995	7.55982399	-2.674341202	5.68087101	0.037813192	0.005626679	0.022649768	-0.192626953	0.447509766	-0.956054688	888.52	-24.37865147	-50.5479544	-2.427398743	-72
13297	0	0.301635742	-0.102111816	0.229003906	0.999999046	0.00063324	-0.000224113	0.000232697	7.540893555	-2.55279541	5.725097656	0.03166199	-0.011205674	0.011634828	-0.192382813	0.4453125	-0.958496094	888.5	-24.32841493	-50.55460361	-2.403309705	-71
13298	0	0.30120182	-0.102877617	0.229120255	0.999999046	0.000268936	-0.000108719	3.8147E-05	7.530045509	-2.571940422	5.728006363	0.013446808	-0.005435944	0.001907349	-0.194824219	0.4453125	-0.958496094	888.52	-24.2886404	-50.55836577	-2.420505649	-72
13299	0	0.300170898	-0.104614258	0.226867676	0.999999046	0.000473022	-0.000212669	1.90735E-05	7.504272461	-2.615356445	5.671691895	0.023651124	-0.010633469	0.000953674	-0.192626953	0.447509766	-0.958740234	888.58	-24.22911064	-50.57386544	-2.436924686	-72
13300	0	0.301057816	-0.102884293	0.228484154	0.999999046	0.000306129	-0.000259399	0.000232697	7.526445389	-2.572107315	5.712103844	0.015306473	-0.012969971	0.011634827	-0.192382813	0.443115234	-0.955810547	888.52	-24.21856933	-50.5841694	-2.411375121	-72
13301	0	0.301452637	-0.10559082	0.22668457	0.999999046	0.000450134	-0.00020504	0.000228882	7.536315918	-2.639770508	5.667114258	0.022506715	-0.010251999	0.011444092	-0.192382813	0.4453125	-0.958496094	888.52	-24.18808034	-50.58897161	-2.392718294	-71
13302	0	0.302597046	-0.105035782	0.228424072	0.999999046	0.000841141	-0.000360489	0.000197411	7.564926147	-2.625894547	5.710601807	0.042057043	-0.018024447	0.009870531	-0.192382813	0.443115234	-0.961181641	888.6	-24.11776532	-50.61149378	-2.365418123	-72
13303	0	0.302368164	-0.102966309	0.2265625	0.999999046	0.000686646	-0.000338554	0.000141144	7.559204102	-2.574157715	5.6640625	0.034332279	-0.016927721	0.007057191	-0.194824219	0.443115234	-0.958251953	888.58	-24.05680274	-50.6343967	-2.352638404	-72
13304	0	0.302616119	-0.102921486	0.228328705	0.999999046	0.000697136	-0.00037384	0.000148773	7.565402985	-2.573037148	5.708217621	0.0348568	-0.018692019	0.00743866	-0.192382813	0.443115234	-0.961181641	888.54	-23.99767018	-50.66063948	-2.335949783	-71
13305	0	0.303405762	-0.102844238	0.228881836	0.999999046	0.000720978	-0.000311852	0.000137329	7.585144043	-2.571105957	5.722045898	0.036048893	-0.015592577	0.006866456	-0.194580078	0.438476563	-0.957763672	888.52	-23.93086523	-50.68092507	-2.323433348	-71
13306	0	0.303152084	-0.100833893	0.224686623	0.999999046	0.000888824	-0.000146866	0.000109673	7.578802109	-2.520847321	5.617165565	0.044441229	-0.007343293	0.005483628	-0.194580078	0.438476563	-0.960449219	888.58	-23.83198062	-50.68527482	-2.328499535	-71
13307	0	0.301696777	-0.09576416	0.227478027	0.999999046	0.000583649	-0.000288963	0.000141144	7.542419434	-2.394104004	5.686950684	0.029182436	-0.014448167	0.00705719	-0.196777344	0.434082031	-0.959960938	888.56	-23.78002664	-50.70308395	-2.313863212	-71
13308	0	0.301818848	-0.102539063	0.232421875	0.999999046	-0.000697136	-1.90735E-05	-0.000205994	7.545471191	-2.563476563	5.810546875	-0.034856799	-0.000953674	-0.010299684	-0.196777344	0.436279297	-0.960205078	888.58	-23.81515957	-50.70856726	-2.377152333	-71
13309	0	0.302612305	-0.115478516	0.226989746	0.999999046	0.000255585	3.14713E-05	0	7.565307617	-2.886962891	5.674743652	0.012779236	0.001573563	0	-0.196777344	0.436279297	-0.960205078	888.58	-23.76511664	-50.69914963	-2.410494325	-72
13310	0	0.301804543	-0.10114193	0.226449013	0.999998093	0.001646996	-0.000266075	0.000556946	7.545113564	-2.528548241	5.661225319	0.08234982	-0.013303764	0.027847304	-0.196777344	0.436279297	-0.962890625	888.42	-23.6438561	-50.69528007	-2.333155097	-71
13311	0	0.301879883	-0.09753418	0.227661133	0.999999046	0.000907898	-0.000231743	0.000274658	7.54699707	-2.438354492	5.69152832	0.045394905	-0.011587145	0.013732912	-0.196777344	0.434082031	-0.962646484	888.58	-23.56913238	-50.70086455	-2.304728759	-71
13312	0	0.3014431	-0.097409248	0.227697372	0.999999046	0.00032711	-0.000337601	-8.01086E-05	7.536077499	-2.435231209	5.692434311	0.016355515	-0.016880036	-0.004005432	-0.196533203	0.431884766	-0.967773438	888.58	-23.5213115	-50.73383184	-2.321875668	-71
13313	0	0.301269531	-0.102111816	0.228820801	0.999999046	0.000240326	-0.000346184	-6.10352E-05	7.531738281	-2.55279541	5.72052002	0.012016297	-0.017309189	-0.003051758	-0.196777344	0.431884766	-0.959716797	888.48	-23.486424	-50.76679173	-2.341284196	-71
13314	0	0.300462723	-0.101051331	0.226951599	0.999999046	0.000854492	-0.000762939	0.000128746	7.511568069	-2.526283264	5.673789978	0.042724619	-0.038146981	0.006437303	-0.196533203	0.431884766	-0.965087891	888.46	-23.42897211	-50.83487393	-2.297965776	-71
13315	0	0.302185059	-0.099365234	0.228271484	0.999999046	0.000637054	-0.000815392	0.000263214	7.554626465	-2.484130859	5.706787109	0.031852728	-0.040769585	0.013160708	-0.196533203	0.4296875	-0.962402344	888.6	-23.41682711	-50.90234843	-2.22858329	-71
13316	0	0.303910255	-0.102711678	0.229920387	0.999999046	0.000800133	-0.000734329	0.000212669	7.597756386	-2.567791939	5.748009682	0.040006646	-0.036716469	0.010633471	-0.198974609	0.4296875	-0.96484375	888.42	-23.37510418	-50.96357475	-2.174070667	-71
13317	0	0.305114746	-0.101745605	0.226074219	0.999999046	0.001091003	-0.00033474	0.000400543	7.627868652	-2.543640137	5.651855469	0.054550184	-0.016736988	0.020027166	-0.201171875	0.4296875	-0.964599609	888.48	-23.30217372	-50.97429006	-2.120460292	-71
13318	0	0.306102753	-0.098018646	0.226449013	0.999999046	0.001197815	-0.00030899	0.000487328	7.652568817	-2.450466156	5.661225319	0.059890765	-0.015449528	0.024366386	-0.201171875	0.425048828	-0.967041016	888.46	-23.22686594	-50.97845503	-2.048905326	-71
13319	0	0.304321289	-0.098571777	0.226013184	0.999999046	0.000667572	-0.000212669	0.000244141	7.608032227	-2.464294434	5.65032959	0.033378604	-0.01063347	0.012207032	-0.200927734	0.422851563	-0.964111328	888.48	-23.17541209	-50.98353196	-2.025489883	-71
13320	0	0.304613113	-0.09854126	0.225831032	0.999999046	0.000624657	-0.000310898	0.000217438	7.615327835	-2.463531494	5.645775795	0.031232837	-0.015544893	0.010871888	-0.201171875	0.425048828	-0.964355469	888.48	-23.13094247	-51.00021189	-2.004723546	-71
13321	0	0.302734375	-0.099304199	0.225708008	0.999999046	0.000732422	-0.000330925	0.000202179	7.568359375	-2.48260498	5.642700195	0.036621098	-0.016546251	0.010108949	-0.200927734	0.422851563	-0.964111328	888.52	-23.0733444	-51.01970598	-1.983810354	-71
13322	0	0.302844048	-0.098848343	0.227360725	0.999998093	0.000527382	-0.000292778	0.000198364	7.571101189	-2.471208572	5.684018135	0.026369097	-0.014638902	0.009918214	-0.200927734	0.420654297	-0.963867188	888.4	-23.03669537	-51.03534289	-1.964283539	-71
13323	0	0.301696777	-0.09942627	0.22479248	0.999999046	0.000827789	-0.00052166	0.000286102	7.542419434	-2.485656738	5.619812012	0.041389473	-0.026082997	0.014305117	-0.200927734	0.420654297	-0.966552734	888.52	-22.9898841	-51.0711991	-1.914357557	-71
13324	0	0.302913666	-0.098432541	0.225737572	0.999999046	0.001065254	-0.000720978	0.000450134	7.572841644	-2.460813522	5.643439293	0.053262727	-0.0360489	0.022506721	-0.200683594	0.416259766	-0.966308594	888.52	-22.94846801	-51.12077338	-1.818777714	-71
13325	0	0.307861328	-0.098693848	0.22644043	0.999999046	0.00112915	-0.00045681	0.000335693	7.696533203	-2.467346191	5.661010742	0.056457535	-0.022840506	0.016784672	-0.203125	0.416259766	-0.96875	888.52	-22.87024834	-51.14767701	-1.76330903	-71
13326	0	0.309531212	-0.093750954	0.226857185	0.999999046	0.000476837	0.000217438	0.000288963	7.738280296	-2.343773842	5.671429634	0.023841859	0.010871888	0.014448167	-0.202880859	0.413818359	-0.971191406	888.52	-22.82335088	-51.1055742	-1.759253699	-71
13327	0	0.305175781	-0.091796875	0.225769043	0.999999046	-0.00019455	0.000203133	-5.72205E-05	7.629394531	-2.294921875	5.644226074	-0.009727478	0.010156632	-0.002861023	-0.203125	0.4140625	-0.965820313	888.6	-22.80882202	-51.08042768	-1.815941274	-71
13328	0	0.30271244	-0.095758438	0.230187416	0.999999046	-0.001101494	0.000104904	-0.000199318	7.567811012	-2.393960953	5.754685402	-0.055074703	0.00524521	-0.009965899	-0.202880859	0.4140625	-0.968505859	888.42	-22.88504906	-51.07193648	-1.883303873	-71
13329	0	0.302001953	-0.110839844	0.227294922	0.999999046	-0.000644684	0.000462532	-3.43323E-05	7.550048828	-2.770996094	5.682373047	-0.032234195	0.023126605	-0.001716614	-0.203125	0.416259766	-0.96875	888.52	-22.91123089	-51.01827325	-1.949250215	-71
13330	0	0.30186367	-0.102867126	0.222802162	0.999999046	0.001001358	-0.000104904	0.000717163	7.546591759	-2.571678162	5.570054054	0.050067914	-0.00524521	0.035858163	-0.203369141	0.418457031	-0.963623047	888.52	-22.87834729	-50.99102365	-1.859851512	-71
13331	0	0.304382324	-0.090148926	0.228820801	0.999999046	0.000595093	-0.000308037	0.00025177	7.609558105	-2.253723145	5.72052002	0.029754641	-0.015401842	0.012588502	-0.200683594	0.416259766	-0.968994141	888.46	-22.84233098	-51.00600542	-1.828185305	-71
13332	0	0.304049492	-0.094667435	0.230210304	0.999999046	-0.000548363	0.000175476	-2.67029E-05	7.601237297	-2.366685867	5.755257607	-0.027418138	0.008773804	-0.001335144	-0.202880859	0.4140625	-0.968505859	888.58	-22.8744052	-50.98230656	-1.871502166	-71
13333	0	0.300842285	-0.099182129	0.228637695	0.999999046	-0.000740051	0.00017643	-8.39233E-05	7.521057129	-2.479553223	5.715942383	-0.037002567	0.008821488	-0.004196167	-0.202880859	0.416259766	-0.971435547	888.52	-22.92103668	-50.96101958	-1.923247357	-71
13334	0	0.301999092	-0.099835396	0.227863312	0.999999046	-0.000368118	-0.000139236	9.05991E-05	7.549977303	-2.495884895	5.696582794	-0.018405915	-0.006961823	0.004529953	-0.200927734	0.420654297	-0.966552734	888.52	-22.96525286	-50.96524827	-1.93353037	-71
13335	0	0.302124023	-0.096862793	0.227294922	0.999999046	-0.000255585	-0.000308037	0.000144958	7.553100586	-2.421569824	5.682373047	-0.012779236	-0.015401841	0.007247925	-0.200683594	0.418457031	-0.966308594	888.48	-23.01299245	-50.98484247	-1.917271343	-71
13336	0	0.301626205	-0.100607872	0.229192734	0.999999046	-0.000470161	-0.000415802	-8.01086E-05	7.540655136	-2.5151968	5.729818344	-0.023508073	-0.020790101	-0.004005432	-0.198486328	0.420654297	-0.969482422	888.46	-23.06210739	-51.02582097	-1.930381303	-71
13337	0	0.304443359	-0.104797363	0.229003906	0.999999046	7.62939E-05	-0.000231743	0.00012207	7.611083984	-2.619934082	5.725097656	0.003814697	-0.011587143	0.006103516	-0.200927734	0.420654297	-0.963867188	888.52	-23.0649618	-51.03826946	-1.927076445	-71
13338	0	0.304279327	-0.099222183	0.225031853	0.999999046	0.000896454	-0.000291824	0.00032711	7.606983185	-2.480554581	5.625796318	0.0448227	-0.014591219	0.016355517	-0.203125	0.418457031	-0.966308594	888.54	-23.00399296	-51.04788952	-1.882229045	-71
13339	0	0.304626465	-0.094177246	0.22668457	0.999999046	0.00018692	-0.000422478	0.000205994	7.615661621	-2.354431152	5.667114258	0.009346009	-0.021123887	0.010299683	-0.200683594	0.418457031	-0.966308594	888.54	-23.01572351	-51.07676451	-1.848831337	-71
13340	0	0.305084229	-0.098063469	0.228049278	0.999999046	-0.00033474	-6.10352E-05	3.8147E-05	7.627105713	-2.451586723	5.701231956	-0.016736985	-0.003051758	0.001907349	-0.203125	0.418457031	-0.968994141	888.46	-23.04530789	-51.0750349	-1.865484563	-71
13341	0	0.304077148	-0.099121094	0.226623535	0.999999046	-0.000331879	-2.57492E-05	0.000125885	7.601928711	-2.478027344	5.665588379	-0.016593933	-0.00128746	0.006294251	-0.200927734	0.420654297	-0.963867188	888.48	-23.08413505	-51.06565418	-1.876721592	-72
13342	0	0.30327034	-0.098554611	0.225931168	0.999999046	-0.000427246	4.3869E-05	0.000198364	7.581758499	-2.46386528	5.64827919	-0.021362305	0.002193451	0.009918213	-0.203369141	0.420654297	-0.963623047	888.58	-23.13952174	-51.04568157	-1.8786527	-71
13343	0	0.303100586	-0.098876953	0.227478027	0.999999046	-0.000335693	-0.000239372	-1.14441E-05	7.577514648	-2.471923828	5.686950684	-0.016784668	-0.011968613	-0.000572205	-0.203369141	0.420898438	-0.969482422	888.46	-23.17288211	-51.06498369	-1.889278111	-71
13344	0	0.302734375	-0.101379395	0.227050781	0.999999046	0.000260353	-0.000270844	3.8147E-05	7.568359375	-2.534484863	5.676269531	0.013017655	-0.013542176	0.001907349	-0.200927734	0.423095703	-0.967041016	888.62	-23.14627586	-51.08533443	-1.896711425	-71
13345	0	0.302978516	-0.099365234	0.227233887	0.999999046	0.000640869	-0.000308037	0.000457764	7.574462891	-2.484130859	5.680847168	0.032043461	-0.015401842	0.022888186	-0.205810547	0.420898438	-0.966552734	888.48	-23.13295767	-51.09068359	-1.829292001	-71
13346	0	0.307364464	-0.096546173	0.228754044	0.999999046	0.000427246	-0.000164032	0.000315666	7.684111595	-2.413654327	5.718851089	0.021362306	-0.0082016	0.015783311	-0.205810547	0.420898438	-0.966552734	888.46	-23.11749844	-51.08728582	-1.797542358	-71
13347	0	0.306335449	-0.096313477	0.224487305	0.999999046	-7.62939E-05	0.000325203	0.000198364	7.65838623	-2.407836914	5.612182617	-0.003814697	0.016260148	0.009918213	-0.200927734	0.420898438	-0.969482422	888.48	-23.11717881	-51.03767654	-1.817418976	-71
13348	0	0.30328083	-0.096896172	0.226743698	0.999999046	-0.000559807	-3.43323E-05	-4.673E-05	7.58202076	-2.422404289	5.668592453	-0.027990343	-0.001716614	-0.002336502	-0.200927734	0.418457031	-0.966552734	888.42	-23.16033586	-51.03699906	-1.847486377	-71
13349	0	0.301452637	-0.10144043	0.229125977	0.999999046	-0.000930786	0.000134468	-0.000148773	7.536315918	-2.536010742	5.728149414	-0.046539314	0.006723405	-0.007438661	-0.200927734	0.423095703	-0.967041016	888.52	-23.22340049	-51.02309203	-1.911567693	-71
13350	0	0.302339554	-0.10928154	0.227049828	0.999999046	-0.00037384	-0.000104904	-4.76837E-06	7.558488846	-2.732038498	5.676245689	-0.018692017	-0.005245209	-0.000238419	-0.203369141	0.423095703	-0.969482422	888.54	-23.25507767	-51.02783349	-1.930039893	-72
13351	0	0.30291748	-0.102905273	0.224487305	0.999999046	0.000751495	-0.000502586	0.000366211	7.572937012	-2.572631836	5.612182617	0.037574774	-0.025129322	0.01831055	-0.203613281	0.423095703	-0.964111328	888.54	-23.22850818	-51.05767341	-1.865461927	-71
13352	0	0.305882454	-0.09637928	0.227131844	0.999999046	0.000868797	-0.000486374	0.000216484	7.647061348	-2.409482002	5.678296089	0.043439873	-0.024318699	0.010824205	-0.203369141	0.420898438	-0.966796875	888.54	-23.16804799	-51.09262979	-1.823774089	-72
13353	0	0.305175781	-0.094543457	0.227844238	0.999999046	-2.67029E-05	-0.000182152	-0.00012207	7.629394531	-2.363586426	5.696105957	-0.001335144	-0.00910759	-0.006103516	-0.208007813	0.418701172	-0.966064453	888.58	-23.1489064	-51.11083168	-1.856617742	-71
13354	0	0.304199219	-0.101501465	0.22644043	0.999999046	-0.000270844	-0.000217438	-0.000102997	7.604980469	-2.537536621	5.661010742	-0.013542176	-0.010871887	-0.005149841	-0.203369141	0.420898438	-0.969482422	888.52	-23.16230432	-51.13187607	-1.883928485	-71
13355	0	0.303736687	-0.098017693	0.224861145	0.999998093	0.000377655	-0.000235558	0.000150681	7.593417168	-2.450442314	5.621528625	0.018882752	-0.011777878	0.007534027	-0.203369141	0.420898438	-0.966796875	888.58	-23.1355931	-51.14341841	-1.871328068	-72
13356	0	0.303524017	-0.093791962	0.225946426	0.999999046	-7.15256E-05	-0.000141144	0.000160217	7.588100433	-2.344799042	5.64866066	-0.003576279	-0.00705719	0.008010864	-0.205810547	0.420898438	-0.969238281	888.52	-23.15623195	-51.14460813	-1.861079354	-71
13357	0	0.304077148	-0.098510742	0.228210449	0.999999046	-0.00094986	-0.000189781	-0.000156403	7.601928711	-2.462768555	5.70526123	-0.047492989	-0.009489061	-0.007820131	-0.203369141	0.420898438	-0.964111328	888.58	-23.23885371	-51.16518069	-1.900530137	-72
13358	0	0.306149483	-0.105560303	0.226855278	0.999999046	-0.000255585	-3.24249E-05	7.24792E-05	7.653737068	-2.639007568	5.67138195	-0.012779236	-0.001621246	0.003623962	-0.205810547	0.423095703	-0.964111328	888.48	-23.26323806	-51.15882877	-1.916035082	-71
13359	0	0.305908203	-0.102111816	0.226806641	0.999999046	0.00037384	-0.000212669	0.000141144	7.647705078	-2.55279541	5.670166016	0.018692017	-0.010633469	0.00705719	-0.205810547	0.423095703	-0.964111328	888.48	-23.23471259	-51.16833908	-1.908404661	-71
13360	0	0.305915833	-0.097269058	0.225344658	0.999999046	0.000267982	-0.000152588	0.000121117	7.647895813	-2.431726456	5.633616447	0.013399124	-0.007629395	0.006055832	-0.200927734	0.423095703	-0.967041016	888.54	-23.2123153	-51.17246824	-1.906700854	-71
13361	0	0.304260254	-0.097595215	0.226989746	0.999999046	-0.000190735	0.000145912	0.000148773	7.606506348	-2.439880371	5.674743652	-0.009536743	0.007295609	0.00743866	-0.208251953	0.423095703	-0.963867188	888.54	-23.22933788	-51.14390675	-1.923657445	-72
13362	0	0.303554535	-0.099969864	0.22600174	0.999999046	-0.000265121	-4.19617E-05	2.95639E-05	7.588863373	-2.499246597	5.650043488	-0.013256073	-0.002098084	0.001478195	-0.205810547	0.423095703	-0.969482422	888.46	-23.2499054	-51.14051096	-1.940189641	-71
13363	0	0.303161621	-0.09954834	0.226867676	0.999999046	8.39233E-05	-7.15256E-05	0.000141144	7.579040527	-2.488708496	5.671691895	0.004196167	-0.003576279	0.00705719	-0.203613281	0.423095703	-0.961425781	888.48	-23.24675655	-51.13515569	-1.943698794	-72
13364	0	0.303349495	-0.097520828	0.227755547	0.999999046	-0.000132561	-5.34058E-05	0.000141144	7.583737373	-2.438020706	5.693888664	-0.006628037	-0.002670288	0.00705719	-0.205810547	0.423095703	-0.964111328	888.46	-23.26736635	-51.12787238	-1.944932258	-71
13365	0	0.303466797	-0.09954834	0.226196289	0.999999046	-0.000164032	-0.000136375	1.90735E-05	7.586669922	-2.488708496	5.654907227	-0.008201599	-0.006818771	0.000953674	-0.205810547	0.423095703	-0.966796875	888.58	-23.28034047	-51.13484218	-1.957021629	-71
13366	0	0.303952217	-0.099696159	0.227361679	0.999999046	-0.000225067	-0.000101089	0.000171661	7.598805428	-2.492403984	5.684041977	-0.011253357	-0.005054474	0.008583069	-0.203613281	0.425292969	-0.964355469	888.52	-23.31828818	-51.13116253	-1.951884301	-71
13367	0	0.304504395	-0.099365234	0.226745605	0.999999046	-1.52588E-05	-0.000258446	6.48499E-05	7.612609863	-2.484130859	5.668640137	-0.000762939	-0.012922287	0.003242493	-0.203613281	0.423095703	-0.964111328	888.52	-23.32712607	-51.14888385	-1.948155415	-71
13368	0	0.304364204	-0.099167824	0.22664547	0.999999046	-0.000166893	-0.000156403	0.000106812	7.60910511	-2.479195595	5.666136742	-0.00834465	-0.007820129	0.005340576	-0.203613281	0.425292969	-0.967041016	888.58	-23.35309611	-51.15395758	-1.945752427	-71
13369	0	0.305969238	-0.097961426	0.225585938	0.999999046	-0.000274658	-0.000311852	0.000175476	7.649230957	-2.449035645	5.639648438	-0.013732911	-0.015592576	0.008773804	-0.206054688	0.425292969	-0.964111328	888.54	-23.40916605	-51.1722929	-1.921634241	-71
13370	0	0.303390503	-0.09837532	0.226196289	0.999999046	-0.000207901	-0.000202179	-9.53674E-05	7.584762573	-2.459383011	5.654907227	-0.01039505	-0.010108948	-0.004768372	-0.206054688	0.425292969	-0.966796875	888.34	-23.41599458	-51.19141209	-1.947077273	-71
13371	0	0.303833008	-0.101257324	0.228271484	0.999999046	-0.000831604	-0.000288963	-0.000106812	7.595825195	-2.531433105	5.706787109	-0.041580206	-0.014448168	-0.005340577	-0.208496094	0.427734375	-0.964355469	888.52	-23.49777002	-51.220138	-1.971666383	-72
13372	0	0.303925514	-0.105781555	0.226759911	0.999999046	-0.000174522	-0.000131607	0.000109673	7.598137856	-2.644538879	5.668997765	-0.00872612	-0.006580353	0.005483627	-0.206054688	0.425292969	-0.964111328	888.42	-23.52380901	-51.22239305	-1.964768765	-71
13373	0	0.305236816	-0.101379395	0.2265625	0.999999046	0.000598907	-0.000193596	0.00018692	7.63092041	-2.534484863	5.6640625	0.029945376	-0.009679795	0.009346009	-0.203613281	0.427490234	-0.964599609	888.58	-23.47490351	-51.22761314	-1.947786603	-71
13374	0	0.30534935	-0.097437859	0.227292061	0.999999046	0.000236511	-0.00012207	0.000179291	7.633733749	-2.435946465	5.682301521	0.011825562	-0.006103516	0.008964539	-0.206054688	0.425292969	-0.961425781	888.54	-23.46239717	-51.22566855	-1.936426856	-71
13375	0	0.303771973	-0.100158691	0.228942871	0.999999046	-0.000106812	-0.000266075	-7.24792E-05	7.594299316	-2.503967285	5.723571777	-0.005340576	-0.013303757	-0.003623962	-0.206054688	0.425292969	-0.964111328	888.52	-23.46445442	-51.25029427	-1.953420368	-71
